     1     -1    341 3.580000E-06 0.000000E+00 7.195800E-06 3.165907E-15 0.000000E+00
     2     -1     65 3.580000E-06 4.505764E-06 2.690036E-06 9.901489E-14 0.000000E+00
     3     -1    173 3.580000E-06 5.586403E-05 2.572512E-05 9.043483E-14 0.000000E+00
     4     -1     64 3.580000E-06 1.780165E-05 6.977978E-06 1.863297E-13 0.000000E+00
     5     -1    284 3.580000E-06 2.675273E-05 1.138672E-05 1.881191E-15 0.000000E+00
     6     -1    122 3.580000E-06 1.399470E-05 5.102910E-06 5.937223E-14 0.000000E+00
     7     -1    141 3.580000E-06 4.667813E-06 2.527987E-06 8.639715E-14 0.000000E+00
     8     -1     28 3.580000E-06 4.399141E-05 1.987741E-05 8.456184E-14 0.000000E+00
     9     -1    327 3.580000E-06 6.396384E-06 1.360458E-06 8.029475E-15 0.000000E+00
    10     -1     15 3.580000E-06 5.051381E-05 2.308994E-05 6.964537E-13 0.000000E+00
    11     -1     70 3.580000E-06 1.853898E-05 7.341139E-06 1.449894E-13 0.000000E+00
    12     -1    395 3.580000E-06 0.000000E+00 7.195800E-06 9.635370E-16 0.000000E+00
    13     -1     88 3.580000E-06 2.287202E-05 9.475322E-06 1.157621E-13 0.000000E+00
    14     -1     44 3.580000E-06 0.000000E+00 7.195800E-06 2.193194E-13 0.000000E+00
    15     -1    139 3.580000E-06 0.000000E+00 7.195800E-06 8.630538E-14 0.000000E+00
    16     -1     18 3.580000E-06 4.930867E-06 2.264933E-06 2.723139E-13 0.000000E+00
    17     -1    148 3.580000E-06 0.000000E+00 7.195800E-06 5.042510E-14 0.000000E+00
    18     -1    130 3.580000E-06 3.897418E-05 1.740624E-05 1.578365E-14 0.000000E+00
    19     -1    245 3.580000E-06 7.511682E-06 1.909784E-06 2.725433E-14 0.000000E+00
    20     -1     57 3.580000E-06 6.224773E-05 2.886933E-05 3.514616E-14 0.000000E+00
    21     -1    268 3.580000E-06 4.782371E-07 6.717563E-06 2.294136E-14 0.000000E+00
    22     -1     24 3.580000E-06 1.841378E-05 7.279476E-06 5.917035E-13 0.000000E+00
    23     -1     40 3.580000E-06 0.000000E+00 7.195800E-06 1.347575E-13 0.000000E+00
    24     -1    140 3.580000E-06 2.895991E-05 1.247384E-05 5.042510E-14 0.000000E+00
    25     -1     56 3.580000E-06 3.897684E-05 1.740755E-05 8.295594E-14 0.000000E+00
    26     -1    123 3.580000E-06 3.272028E-05 1.432596E-05 1.123668E-13 0.000000E+00
    27     -1    335 3.580000E-06 3.657445E-06 3.538355E-06 2.294136E-15 0.000000E+00
    28     -1     83 3.580000E-06 2.199038E-05 9.041084E-06 2.402878E-13 0.000000E+00
    29     -1     21 3.580000E-06 1.901949E-06 5.293851E-06 3.931231E-13 0.000000E+00
    30     -1    169 3.580000E-06 7.071251E-06 1.692855E-06 4.744272E-14 0.000000E+00
    31     -1     31 3.580000E-06 9.515260E-05 4.507621E-05 3.990878E-13 0.000000E+00
    32     -1    293 3.580000E-06 4.248577E-05 1.913583E-05 2.248253E-15 0.000000E+00
    33     -1    124 3.580000E-06 0.000000E+00 7.195800E-06 9.332544E-14 0.000000E+00
    34     -1    179 3.580000E-06 8.709649E-06 2.499827E-06 1.414105E-13 0.000000E+00
    35     -1     92 3.580000E-06 7.666671E-05 3.597121E-05 3.028259E-14 0.000000E+00
    36     -1    184 3.580000E-06 1.818143E-05 7.165034E-06 3.762382E-14 0.000000E+00
    37     -1    153 3.580000E-06 3.453418E-05 1.521937E-05 6.056518E-14 0.000000E+00
    38     -1    318 3.580000E-06 2.849293E-07 6.910871E-06 6.102401E-15 0.000000E+00
    39     -1    142 3.580000E-06 0.000000E+00 7.195800E-06 4.152385E-14 0.000000E+00
    40     -1     96 3.580000E-06 5.457530E-05 2.509037E-05 9.520663E-14 0.000000E+00
    41     -1    370 3.580000E-06 3.621874E-06 3.573926E-06 9.635370E-16 0.000000E+00
    42     40     83 4.471891E-05 2.348827E-05 3.359458E-05 1.450811E-13 0.000000E+00
    43     83    169 6.036604E-05 2.584453E-05 4.246192E-05 5.891340E-14 0.000000E+00
    44     70    130 3.108337E-05 3.509125E-05 3.259347E-05 1.406764E-13 0.000000E+00
    45     18    148 5.149117E-05 1.828683E-05 3.436827E-05 3.652264E-14 0.000000E+00
    46     57    130 5.672994E-05 3.292185E-05 4.415685E-05 1.007126E-13 0.000000E+00
    47     24     44 7.565025E-05 2.438347E-05 4.927034E-05 9.474780E-14 0.000000E+00
    48     18     56 5.838068E-05 2.192257E-05 3.955235E-05 1.072279E-13 0.000000E+00
    49    124    142 3.385413E-05 2.332113E-05 2.816095E-05 2.578608E-14 0.000000E+00
    50     44     57 5.002878E-05 5.651922E-05 5.247887E-05 1.795391E-13 0.000000E+00
    51     21    124 1.026410E-04 7.575594E-05 8.786715E-05 2.096840E-14 0.000000E+00
    52    130    148 3.276210E-05 3.300207E-05 3.239131E-05 1.200751E-13 0.000000E+00
    53     64    122 5.583524E-05 4.190222E-05 4.813935E-05 4.730508E-14 0.000000E+00
    54     56    335 3.448967E-05 1.051538E-05 2.216666E-05 7.387117E-15 0.000000E+00
    55    327    392 1.359798E-05 9.937470E-06 1.159209E-05 1.514129E-15 0.000000E+00
    56    141    284 4.629730E-05 3.681791E-05 4.093734E-05 2.064722E-14 0.000000E+00
    57     20     88 6.889006E-05 2.144816E-05 4.449495E-05 3.945913E-13 0.000000E+00
    58     18     60 5.965374E-05 8.071551E-05 6.913709E-05 1.861920E-13 0.000000E+00
    59    139    140 4.510740E-05 6.198268E-05 5.274586E-05 3.982619E-14 0.000000E+00
    60     24     57 7.697432E-05 4.193378E-05 5.856668E-05 1.769696E-13 0.000000E+00
    61     17     21 4.378239E-05 2.954418E-05 3.611607E-05 3.306767E-13 0.000000E+00
    62     28     65 4.392551E-05 4.079940E-05 4.173018E-05 1.523306E-13 0.000000E+00
    63     70    141 6.790989E-05 4.380431E-05 5.502341E-05 4.390976E-14 0.000000E+00
    64    189    245 4.871625E-05 1.781676E-05 3.276999E-05 7.478882E-15 0.000000E+00
    65    169    221 3.646457E-05 2.981577E-05 3.264554E-05 7.974415E-14 0.000000E+00
    66     31    390 1.102355E-04 5.574325E-06 5.704065E-05 5.643574E-15 0.000000E+00
    67     96    184 4.272611E-05 3.101388E-05 3.631969E-05 8.442419E-14 0.000000E+00
    68     88    189 2.687841E-05 2.012918E-05 2.315299E-05 7.804649E-14 0.000000E+00
    69    123    227 2.962635E-05 2.867759E-05 2.871687E-05 1.174597E-13 0.000000E+00
    70     92    179 6.737750E-05 7.611189E-05 7.067388E-05 1.949556E-13 0.000000E+00
    71    141    286 2.522540E-05 3.082641E-05 2.760761E-05 1.954604E-14 0.000000E+00
    72     15     20 4.030709E-05 5.724666E-05 4.804886E-05 8.948964E-13 0.000000E+00
    73     46    139 5.343440E-05 3.729140E-05 4.468584E-05 1.106232E-13 0.000000E+00
    74     64    206 3.801785E-05 3.308508E-05 3.502085E-05 4.326740E-14 0.000000E+00
    75     15     88 6.654505E-05 6.030885E-05 6.248028E-05 2.840140E-14 0.000000E+00
    76    140    227 3.248492E-05 2.350051E-05 2.757491E-05 4.611213E-14 0.000000E+00
    77     24     93 6.804286E-05 3.173114E-05 4.914242E-05 3.599040E-13 0.000000E+00
    78    153    292 2.320862E-05 3.651461E-05 2.941592E-05 5.065451E-14 0.000000E+00
    79     93    390 6.198372E-05 7.664175E-06 3.430419E-05 2.890611E-15 0.000000E+00
    80     12     21 5.072837E-05 7.182822E-05 6.036369E-05 1.740331E-13 0.000000E+00
    81     92    293 7.456194E-05 3.227065E-05 5.261904E-05 7.221939E-14 0.000000E+00
    82    173    286 2.081302E-05 1.733497E-05 1.878931E-05 6.120754E-14 0.000000E+00
    83     73    140 5.389257E-05 3.017693E-05 4.140737E-05 1.918815E-13 0.000000E+00
    84     24     73 6.922893E-05 6.769585E-05 6.744056E-05 1.224610E-13 0.000000E+00
    85     46    140 4.755409E-05 6.757871E-05 5.670720E-05 1.062644E-13 0.000000E+00
    86     17     57 7.168806E-05 6.721328E-05 6.841409E-05 5.487572E-14 0.000000E+00
    87     17     56 5.608426E-05 3.330606E-05 4.402807E-05 6.377697E-14 0.000000E+00
    88     12     17 3.510600E-05 2.821103E-05 3.118600E-05 4.289575E-13 0.000000E+00
    89     31    153 7.315679E-05 3.053102E-05 5.107012E-05 1.862838E-14 0.000000E+00
    90     92    261 4.799014E-05 2.320860E-05 3.506804E-05 2.018839E-13 0.000000E+00
    91    179    257 6.319090E-05 4.663395E-05 5.409283E-05 5.556396E-14 0.000000E+00
    92     96    153 5.517381E-05 3.895368E-05 4.636130E-05 1.202127E-14 0.000000E+00
    93     15     46 5.779875E-05 6.625943E-05 6.110328E-05 1.307657E-13 0.000000E+00
    94     20    189 6.912467E-05 2.531654E-05 4.651582E-05 1.102103E-13 0.000000E+00
    95     73     93 6.490405E-05 4.183268E-05 5.257182E-05 2.916764E-13 0.000000E+00
    96     66    184 4.195339E-05 4.730078E-05 4.396101E-05 2.849316E-14 0.000000E+00
    97     60    119 5.133948E-05 3.762770E-05 4.381966E-05 1.828426E-13 0.000000E+00
    98     87    189 3.939010E-05 2.807300E-05 3.322809E-05 4.023914E-14 0.000000E+00
    99     24     75 9.916597E-05 5.196660E-05 7.443843E-05 1.078244E-13 0.000000E+00
   100    118    153 3.972876E-05 4.356238E-05 4.102400E-05 1.081914E-13 0.000000E+00
   101    123    192 3.973305E-05 2.277015E-05 3.078516E-05 4.510271E-14 0.000000E+00
   102    235    293 3.623186E-05 3.196995E-05 3.359194E-05 2.785081E-14 0.000000E+00
   103    206    319 4.622371E-05 2.731273E-05 3.621944E-05 3.450380E-14 0.000000E+00
   104    192    221 4.795135E-05 3.259352E-05 3.967135E-05 2.422607E-14 0.000000E+00
   105     66    246 3.503739E-05 1.516163E-05 2.472489E-05 2.124828E-13 0.000000E+00
   106     28    311 1.424621E-04 3.108759E-05 8.547970E-05 2.094087E-13 0.000000E+00
   107     66    394 5.909802E-05 7.496902E-06 3.280048E-05 1.376481E-14 0.000000E+00
   108     66     96 3.731037E-05 3.606172E-05 3.613849E-05 1.108985E-13 0.000000E+00
   109    195    323 4.945505E-05 5.555551E-05 5.172162E-05 5.092981E-15 0.000000E+00
   110     31    292 5.538655E-05 3.120266E-05 4.264842E-05 4.574506E-14 0.000000E+00
   111    189    305 2.623118E-05 2.292810E-05 2.421278E-05 1.986721E-14 0.000000E+00
   112    246    287 3.131382E-05 3.673126E-05 3.351474E-05 5.739927E-14 0.000000E+00
   113     28     46 7.984483E-05 7.870300E-05 7.809072E-05 1.038326E-13 0.000000E+00
   114    103    130 9.523355E-05 4.442660E-05 6.878784E-05 2.720845E-14 0.000000E+00
   115    103    148 7.280143E-05 8.060494E-05 7.555836E-05 1.694907E-13 0.000000E+00
   116     48    227 8.663673E-05 3.476002E-05 5.979243E-05 2.037192E-14 0.000000E+00
   117     24    110 1.285203E-04 5.261555E-05 8.921618E-05 5.882164E-14 0.000000E+00
   118    119    144 5.120248E-05 3.161368E-05 4.079005E-05 7.079702E-14 0.000000E+00
   119     46     87 7.865001E-05 4.401691E-05 6.041803E-05 8.717715E-14 0.000000E+00
   120     75    110 6.863476E-05 6.079471E-05 6.374885E-05 1.181480E-13 0.000000E+00
   121    319    348 4.595695E-05 1.480516E-05 2.992761E-05 4.496506E-15 0.000000E+00
   122     48     87 2.907312E-05 1.909882E-05 2.372647E-05 1.966074E-13 0.000000E+00
   123     31    192 6.897514E-05 4.033566E-05 5.383965E-05 1.518718E-13 0.000000E+00
   124     28    200 8.031444E-05 4.036281E-05 5.943804E-05 3.288873E-13 0.000000E+00
   125    118    257 5.298020E-05 2.493913E-05 3.837818E-05 2.812610E-14 0.000000E+00
   126    109    144 4.540662E-05 2.656899E-05 3.545067E-05 1.853203E-13 0.000000E+00
   127    109    119 4.981563E-05 4.678335E-05 4.757860E-05 1.647189E-13 0.000000E+00
   128     17     27 6.983619E-05 6.736674E-05 6.757756E-05 2.174841E-14 0.000000E+00
   129     12    316 5.796018E-05 3.113526E-05 4.388283E-05 3.170495E-14 0.000000E+00
   130     96    118 4.514091E-05 6.798438E-05 5.571843E-05 3.817442E-14 0.000000E+00
   131     54     83 8.008739E-05 7.888235E-05 7.829853E-05 8.694774E-14 0.000000E+00
   132     17    235 7.479489E-05 3.387930E-05 5.352609E-05 1.991310E-14 0.000000E+00
   133     12    358 8.924423E-05 2.641734E-05 5.696764E-05 1.069067E-14 0.000000E+00
   134     15    215 1.307590E-04 3.266958E-05 8.049465E-05 1.929368E-13 0.000000E+00
   135     15    129 1.273959E-04 2.919618E-05 7.712746E-05 3.927560E-14 0.000000E+00
   136     31    195 6.879357E-05 2.902153E-05 4.817759E-05 1.073197E-13 0.000000E+00
   137     92    244 7.232456E-05 3.350715E-05 5.212607E-05 7.928533E-14 0.000000E+00
   138     28    252 6.566641E-05 3.451488E-05 4.934302E-05 7.318293E-14 0.000000E+00
   139    255    305 2.748246E-05 1.848911E-05 2.264271E-05 2.720845E-14 0.000000E+00
   140     27    103 4.414542E-05 6.635366E-05 5.442492E-05 2.391866E-13 0.000000E+00
   141      6     17 7.944154E-05 3.036720E-05 5.408490E-05 3.650429E-13 0.000000E+00
   142      6     12 6.425958E-05 2.687565E-05 4.488750E-05 7.518800E-13 0.000000E+00
   143     31    151 4.783701E-05 2.622237E-05 3.647700E-05 8.286418E-14 0.000000E+00
   144    173    333 4.808191E-05 3.172558E-05 3.930817E-05 2.014251E-14 0.000000E+00
   145     41     48 2.995155E-05 2.609098E-05 2.760304E-05 4.539636E-13 0.000000E+00
   146     12     76 4.095460E-05 5.054261E-05 4.506579E-05 1.146150E-13 0.000000E+00
   147     12    202 5.643256E-05 4.196657E-05 4.846524E-05 1.082832E-14 0.000000E+00
   148     41     87 5.153122E-05 2.278642E-05 3.660421E-05 1.999569E-13 0.000000E+00
   149     48    192 9.484729E-05 3.555724E-05 6.422910E-05 4.891097E-14 0.000000E+00
   150     93    151 6.387831E-05 4.882134E-05 5.550878E-05 3.110848E-14 0.000000E+00
   151    323    331 3.142894E-05 1.587321E-05 2.329808E-05 1.830720E-14 0.000000E+00
   152     46    131 4.727939E-05 4.486361E-05 4.538386E-05 2.055087E-13 0.000000E+00
   153     46     48 8.533658E-05 7.907546E-05 8.097907E-05 9.461015E-14 0.000000E+00
   154     17     75 7.087087E-05 4.801612E-05 5.855628E-05 4.051443E-14 0.000000E+00
   155     76    202 5.621445E-05 4.009323E-05 4.743512E-05 1.917897E-14 0.000000E+00
   156      6     75 1.154837E-04 4.539149E-05 7.923703E-05 6.680523E-14 0.000000E+00
   157    235    316 3.840158E-05 4.345531E-05 4.031757E-05 4.689213E-14 0.000000E+00
   158    348    393 2.191541E-05 1.051500E-05 1.597319E-05 1.330599E-15 0.000000E+00
   159      1     75 1.577346E-04 3.093401E-05 9.292632E-05 3.180590E-13 0.000000E+00
   160    151    192 4.684527E-05 3.533351E-05 4.047612E-05 1.110362E-14 0.000000E+00
   161      1     28 1.621099E-04 1.503017E-04 1.538744E-04 4.524494E-13 0.000000E+00
   162    103    283 6.482240E-05 2.463218E-05 4.405972E-05 6.019812E-14 0.000000E+00
   163     94    151 3.025293E-05 2.078407E-05 2.513762E-05 6.428168E-14 0.000000E+00
   164     54    195 4.160137E-05 3.035009E-05 3.543878E-05 6.377697E-15 0.000000E+00
   165     16     31 5.768119E-05 9.152719E-05 7.349070E-05 5.492161E-14 0.000000E+00
   166    129    215 2.980963E-05 3.672396E-05 3.277028E-05 6.909936E-14 0.000000E+00
   167    131    159 2.378247E-05 1.744673E-05 2.030692E-05 1.823838E-13 0.000000E+00
   168     31     94 5.894206E-05 3.389649E-05 4.572645E-05 8.258888E-15 0.000000E+00
   169    110    244 5.187050E-05 4.968106E-05 5.001793E-05 2.376724E-14 0.000000E+00
   170     16    118 8.038173E-05 6.106194E-05 6.966628E-05 8.924187E-14 0.000000E+00
   171     20     29 6.640076E-05 5.941924E-05 6.197105E-05 4.644248E-13 0.000000E+00
   172      6     27 5.386737E-05 3.092016E-05 4.176102E-05 5.578420E-13 0.000000E+00
   173    129    200 4.126111E-05 3.148471E-05 3.583003E-05 7.942297E-14 0.000000E+00
   174     15    147 8.847333E-05 3.207948E-05 5.937676E-05 5.583926E-14 0.000000E+00
   175     16    110 6.913837E-05 2.397635E-05 4.586248E-05 9.695017E-14 0.000000E+00
   176    109    114 4.658509E-05 7.412365E-05 5.945356E-05 6.648405E-14 0.000000E+00
   177     20    147 7.403345E-05 3.609416E-05 5.424196E-05 1.281963E-13 0.000000E+00
   178     87    147 7.521883E-05 5.880751E-05 6.601297E-05 2.633668E-14 0.000000E+00
   179      6     76 6.749615E-05 3.117202E-05 4.859776E-05 2.659821E-13 0.000000E+00
   180     16    244 7.396029E-05 3.815814E-05 5.522251E-05 4.234974E-14 0.000000E+00
   181    129    185 2.863553E-05 3.633818E-05 3.200197E-05 9.791371E-14 0.000000E+00
   182    159    185 5.427217E-05 8.137632E-05 6.681194E-05 9.506898E-14 0.000000E+00
   183     48    289 7.354915E-05 3.201925E-05 5.199637E-05 4.312975E-14 0.000000E+00
   184     19    110 9.026719E-05 3.395474E-05 6.118393E-05 1.809614E-13 0.000000E+00
   185     20    171 9.065155E-05 3.821851E-05 6.347331E-05 7.033820E-14 0.000000E+00
   186    111    202 3.422673E-05 4.675570E-05 3.988687E-05 7.767943E-14 0.000000E+00
   187      1    283 8.810932E-05 2.148973E-05 5.398162E-05 7.442176E-14 0.000000E+00
   188      1     19 1.211415E-04 7.869888E-05 9.842882E-05 7.494941E-13 0.000000E+00
   189     61     66 4.463537E-05 8.096597E-05 6.186335E-05 1.543953E-13 0.000000E+00
   190    185    252 5.946398E-05 2.237941E-05 4.031092E-05 7.694531E-14 0.000000E+00
   191      1     27 1.128905E-04 4.606263E-05 7.829033E-05 1.092238E-12 0.000000E+00
   192     36    110 5.200972E-05 3.110342E-05 4.093632E-05 1.029149E-13 0.000000E+00
   193     16     36 4.561515E-05 3.952260E-05 4.193352E-05 5.731210E-13 0.000000E+00
   194     55    215 3.805572E-05 2.567576E-05 3.139013E-05 9.470192E-14 0.000000E+00
   195    147    159 3.644552E-05 3.627500E-05 3.581757E-05 1.099350E-13 0.000000E+00
   196     61    127 4.818230E-05 1.998861E-05 3.357672E-05 4.087691E-13 0.000000E+00
   197     19     94 7.974028E-05 4.052884E-05 5.923703E-05 1.991769E-13 0.000000E+00
   198     94    138 4.322159E-05 4.317984E-05 4.255593E-05 2.507031E-13 0.000000E+00
   199    131    158 4.473689E-05 5.029108E-05 4.680482E-05 9.956549E-15 0.000000E+00
   200     76    111 4.028833E-05 3.051231E-05 3.487196E-05 7.029231E-14 0.000000E+00
   201      1    391 1.742948E-04 1.252938E-05 9.201787E-05 1.376481E-14 0.000000E+00
   202    244    272 5.470909E-05 2.527933E-05 3.939728E-05 4.377211E-14 0.000000E+00
   203    199    252 3.944959E-05 3.509175E-05 3.671439E-05 1.215892E-14 0.000000E+00
   204    103    114 7.648155E-05 6.313639E-05 6.876705E-05 7.231115E-14 0.000000E+00
   205    158    159 4.806970E-05 5.554463E-05 5.103392E-05 8.001945E-14 0.000000E+00
   206    351    376 9.665206E-06 7.753335E-06 8.579281E-06 4.588271E-15 0.000000E+00
   207    185    199 5.907752E-05 2.690067E-05 4.234746E-05 1.290681E-13 0.000000E+00
   208     19     36 7.545991E-05 3.825427E-05 5.600848E-05 3.985831E-13 0.000000E+00
   209    131    310 4.345365E-05 2.757816E-05 3.498582E-05 2.858493E-14 0.000000E+00
   210     29    147 6.071348E-05 5.010739E-05 5.458341E-05 1.204421E-13 0.000000E+00
   211      1    158 1.440887E-04 4.063592E-05 9.098376E-05 3.139754E-13 0.000000E+00
   212     54    250 6.560536E-05 3.070346E-05 4.743569E-05 1.098891E-13 0.000000E+00
   213     16     25 4.548894E-05 2.500689E-05 3.472183E-05 6.395591E-13 0.000000E+00
   214     16    272 6.032415E-05 1.769664E-05 3.842815E-05 2.514373E-14 0.000000E+00
   215      1    200 2.578742E-04 7.243378E-05 1.626890E-04 2.959435E-14 0.000000E+00
   216     19    310 9.813658E-05 3.013126E-05 6.317669E-05 1.082832E-14 0.000000E+00
   217     77    400 6.464020E-05 1.442503E-06 3.254820E-05 2.890611E-15 0.000000E+00
   218    111    231 3.073038E-05 1.619184E-05 2.311094E-05 6.960407E-14 0.000000E+00
   219      1    114 1.419185E-04 2.249848E-05 8.098149E-05 8.044157E-13 0.000000E+00
   220    147    266 2.405253E-05 3.378125E-05 2.848529E-05 2.518961E-14 0.000000E+00
   221     90    131 5.610221E-05 4.117780E-05 4.791404E-05 9.727135E-15 0.000000E+00
   222     90    159 3.841307E-05 5.816763E-05 4.756960E-05 4.078973E-14 0.000000E+00
   223     50    289 5.635920E-05 2.372714E-05 3.944551E-05 3.991796E-14 0.000000E+00
   224      1      6 1.510247E-04 6.017486E-05 1.040237E-04 1.358541E-12 0.000000E+00
   225    171    321 4.039658E-05 1.894246E-05 2.922669E-05 5.794987E-14 0.000000E+00
   226     55    185 7.692868E-05 3.637451E-05 5.580605E-05 1.688484E-13 0.000000E+00
   227      1    199 1.940166E-04 5.029768E-05 1.203339E-04 1.451729E-13 0.000000E+00
   228    158    199 4.471542E-05 4.235451E-05 4.288519E-05 8.222182E-14 0.000000E+00
   229    114    180 5.651887E-05 3.389500E-05 4.453220E-05 1.933497E-13 0.000000E+00
   230     90    310 3.912521E-05 1.951666E-05 2.888331E-05 4.758037E-14 0.000000E+00
   231     38    272 1.305612E-04 2.297639E-05 7.562300E-05 2.624491E-14 0.000000E+00
   232      6    112 5.563505E-05 3.299657E-05 4.365438E-05 1.553130E-13 0.000000E+00
   233    114    128 6.329258E-05 4.373006E-05 5.271264E-05 8.671833E-14 0.000000E+00
   234     90    158 3.874677E-05 4.431787E-05 4.091244E-05 3.872501E-14 0.000000E+00
   235     59    111 5.768472E-05 4.629276E-05 5.121278E-05 4.675448E-14 0.000000E+00
   236     37    158 3.213710E-05 4.022891E-05 3.564296E-05 1.044291E-13 0.000000E+00
   237     29     42 6.923454E-05 4.239465E-05 5.498154E-05 1.514588E-13 0.000000E+00
   238     19    116 5.322049E-05 4.523212E-05 4.849158E-05 2.034898E-13 0.000000E+00
   239     16    212 6.916003E-05 3.967041E-05 5.360305E-05 1.029608E-13 0.000000E+00
   240     38    324 1.013419E-04 2.112430E-05 6.031919E-05 3.271437E-14 0.000000E+00
   241     72    231 5.785063E-05 2.478582E-05 4.070153E-05 5.900517E-14 0.000000E+00
   242     82    211 5.433631E-05 3.275940E-05 4.289789E-05 1.129632E-13 0.000000E+00
   243    132    171 4.894473E-05 4.810353E-05 4.779989E-05 9.589487E-14 0.000000E+00
   244      1      7 1.107237E-04 6.913183E-05 8.858556E-05 2.645597E-12 0.000000E+00
   245     37     90 3.709390E-05 2.388801E-05 3.003587E-05 1.538906E-13 0.000000E+00
   246      6     77 8.892936E-05 7.056977E-05 7.855927E-05 1.959192E-14 0.000000E+00
   247    243    325 2.141361E-05 2.892981E-05 2.479601E-05 2.372136E-14 0.000000E+00
   248     90    166 2.522847E-05 1.947594E-05 2.201859E-05 1.998651E-13 0.000000E+00
   249     26     36 8.233402E-05 5.124551E-05 6.579290E-05 4.794743E-14 0.000000E+00
   250     59     77 3.007094E-05 2.265067E-05 2.596736E-05 3.469651E-13 0.000000E+00
   251     82    180 6.917066E-05 6.007171E-05 6.365669E-05 2.106016E-14 0.000000E+00
   252     25    243 4.547642E-05 2.606901E-05 3.523879E-05 8.924187E-14 0.000000E+00
   253     35    138 7.665327E-05 4.974210E-05 6.225444E-05 1.002078E-13 0.000000E+00
   254     38     77 3.101994E-05 2.438804E-05 2.729050E-05 2.723139E-13 0.000000E+00
   255     50     90 6.198786E-05 4.397885E-05 5.219256E-05 6.955819E-14 0.000000E+00
   256     50     52 2.686033E-05 2.602851E-05 2.604973E-05 3.256296E-13 0.000000E+00
   257     59    112 5.726172E-05 3.270040E-05 4.430970E-05 2.119781E-14 0.000000E+00
   258     38    212 1.005130E-04 4.554710E-05 7.194004E-05 3.147554E-14 0.000000E+00
   259      1     69 1.405120E-04 4.700700E-05 9.236010E-05 2.362501E-13 0.000000E+00
   260     55    285 8.377732E-05 1.702683E-05 4.964980E-05 2.941082E-14 0.000000E+00
   261    166    266 3.569075E-05 3.623795E-05 3.542757E-05 7.304528E-14 0.000000E+00
   262    128    168 3.493863E-05 4.742606E-05 4.056768E-05 1.319587E-13 0.000000E+00
   263     19     52 8.303738E-05 3.543304E-05 5.835110E-05 8.791128E-14 0.000000E+00
   264     26     77 6.625627E-05 4.580234E-05 5.519305E-05 8.538773E-14 0.000000E+00
   265     49     63 6.108279E-05 3.044073E-05 4.507875E-05 5.226041E-13 0.000000E+00
   266    112    187 3.372851E-05 2.279941E-05 2.784211E-05 1.356293E-13 0.000000E+00
   267     49    168 6.951585E-05 3.230226E-05 5.014922E-05 5.134275E-14 0.000000E+00
   268     82    128 7.417207E-05 5.321325E-05 6.274202E-05 3.909207E-14 0.000000E+00
   269    174    180 4.141946E-05 2.963520E-05 3.499707E-05 2.395078E-14 0.000000E+00
   270    128    330 5.427876E-05 2.307385E-05 3.809904E-05 1.128715E-14 0.000000E+00
   271     35     50 3.788289E-05 4.328785E-05 3.997962E-05 2.273488E-13 0.000000E+00
   272     25    291 7.395833E-05 1.801292E-05 4.529927E-05 3.730264E-14 0.000000E+00
   273     37    177 5.082466E-05 2.138284E-05 3.556488E-05 9.080189E-14 0.000000E+00
   274     37     52 6.894773E-05 6.203208E-05 6.451245E-05 1.950933E-13 0.000000E+00
   275     42     50 5.670827E-05 6.996873E-05 6.239315E-05 4.078973E-14 0.000000E+00
   276     38     72 4.517009E-05 5.953807E-05 5.157268E-05 2.077569E-13 0.000000E+00
   277    120    126 7.237168E-05 7.265384E-05 7.143048E-05 1.986721E-14 0.000000E+00
   278     52    116 8.229949E-05 3.580827E-05 5.817248E-05 7.887238E-14 0.000000E+00
   279     36     53 7.434946E-05 5.968086E-05 6.601493E-05 4.569918E-14 0.000000E+00
   280     38     59 3.751429E-05 3.602408E-05 3.622039E-05 3.009906E-14 0.000000E+00
   281     63     85 5.208463E-05 4.207137E-05 4.637534E-05 1.979380E-13 0.000000E+00
   282     59    105 3.766785E-05 2.487264E-05 3.080353E-05 8.502067E-14 0.000000E+00
   283     72    105 5.402267E-05 1.862213E-05 3.578028E-05 2.933741E-13 0.000000E+00
   284     69    256 4.214145E-05 6.172970E-05 5.116042E-05 8.364418E-14 0.000000E+00
   285    134    198 3.753346E-05 2.544623E-05 3.101985E-05 1.056679E-13 0.000000E+00
   286     72    352 5.162523E-05 1.975855E-05 3.515918E-05 1.413188E-14 0.000000E+00
   287     63    168 5.888141E-05 2.741656E-05 4.250497E-05 9.470192E-14 0.000000E+00
   288     82    174 6.607397E-05 3.256285E-05 4.858231E-05 4.574506E-14 0.000000E+00
   289     42    166 6.983602E-05 4.754521E-05 5.781463E-05 3.473321E-14 0.000000E+00
   290    259    291 3.971860E-05 2.484182E-05 3.179841E-05 5.487572E-14 0.000000E+00
   291     38    105 2.878149E-05 1.909899E-05 2.358292E-05 2.246876E-13 0.000000E+00
   292     35     52 3.984421E-05 4.953608E-05 4.402313E-05 6.579581E-14 0.000000E+00
   293     26     53 5.227264E-05 5.255951E-05 5.163375E-05 5.182452E-13 0.000000E+00
   294     53    212 8.236411E-05 3.008469E-05 5.538523E-05 9.763841E-14 0.000000E+00
   295     53    322 9.431492E-05 1.776870E-05 5.520537E-05 1.151656E-14 0.000000E+00
   296     19    146 1.080182E-04 5.372519E-05 7.966467E-05 3.028259E-14 0.000000E+00
   297    138    176 7.722490E-05 4.196832E-05 5.870711E-05 2.445549E-14 0.000000E+00
   298    307    308 1.862515E-05 1.476110E-05 1.644398E-05 3.679794E-14 0.000000E+00
   299    101    191 6.610861E-05 4.638317E-05 5.540640E-05 1.247092E-13 0.000000E+00
   300     42    264 5.483357E-05 3.044050E-05 4.200066E-05 1.927074E-14 0.000000E+00
   301      8     37 8.141931E-05 5.726251E-05 6.830597E-05 1.991769E-13 0.000000E+00
   302     35    176 4.629319E-05 3.198996E-05 3.855738E-05 2.550161E-13 0.000000E+00
   303     35    264 4.568839E-05 2.942087E-05 3.699411E-05 7.010878E-14 0.000000E+00
   304     25    329 1.164985E-04 2.684142E-05 7.060025E-05 3.918384E-14 0.000000E+00
   305     38     53 4.941177E-05 4.737924E-05 4.767318E-05 1.532483E-13 0.000000E+00
   306      8     52 9.395258E-05 7.004519E-05 8.077502E-05 3.684382E-14 0.000000E+00
   307    167    187 2.454256E-05 1.916795E-05 2.152906E-05 6.506169E-14 0.000000E+00
   308    126    294 7.856770E-05 6.307221E-05 6.976294E-05 1.544412E-13 0.000000E+00
   309     10    132 1.276939E-04 4.854143E-05 8.680246E-05 2.198241E-13 0.000000E+00
   310     26     51 4.642475E-05 2.705171E-05 3.618990E-05 4.302881E-13 0.000000E+00
   311    183    187 4.935118E-05 2.803461E-05 3.811539E-05 2.615315E-15 0.000000E+00
   312      7     79 8.197458E-05 3.868138E-05 5.942756E-05 3.436615E-14 0.000000E+00
   313     26    106 5.465079E-05 3.576951E-05 4.453537E-05 1.680225E-13 0.000000E+00
   314     59    183 6.212929E-05 3.110088E-05 4.591933E-05 3.776147E-14 0.000000E+00
   315     25    294 1.149212E-04 8.080166E-05 9.640080E-05 1.950015E-14 0.000000E+00
   316      1      4 1.125260E-04 1.077940E-04 1.085158E-04 8.836093E-13 0.000000E+00
   317      1     79 1.046353E-04 2.111414E-05 6.193628E-05 3.460474E-13 0.000000E+00
   318      4      7 1.047901E-04 8.020675E-05 9.111783E-05 6.920489E-13 0.000000E+00
   319    167    183 2.483678E-05 3.690202E-05 3.040866E-05 4.831450E-14 0.000000E+00
   320     14     85 1.183595E-04 3.161774E-05 7.386938E-05 3.732100E-13 0.000000E+00
   321    102    177 5.349066E-05 4.401689E-05 4.802611E-05 6.630052E-14 0.000000E+00
   322      4    174 7.997921E-05 7.664313E-05 7.714235E-05 4.138621E-14 0.000000E+00
   323    228    329 2.732695E-05 2.918984E-05 2.783663E-05 6.464874E-14 0.000000E+00
   324    127    375 1.113000E-04 1.530879E-05 6.235954E-05 7.800061E-15 0.000000E+00
   325     32    222 5.185004E-05 1.906643E-05 3.492900E-05 2.096840E-14 0.000000E+00
   326    101    125 5.222156E-05 4.213696E-05 4.647509E-05 2.549243E-13 0.000000E+00
   327    134    248 6.532099E-05 5.562196E-05 5.956891E-05 6.125342E-14 0.000000E+00
   328     51    381 5.461715E-05 1.512067E-05 3.434848E-05 5.964753E-15 0.000000E+00
   329    150    259 4.160376E-05 5.096908E-05 4.559558E-05 2.840140E-14 0.000000E+00
   330      8     79 7.611220E-05 6.556771E-05 6.978264E-05 2.803893E-13 0.000000E+00
   331      1     51 1.555550E-04 7.331758E-05 1.127283E-04 8.171711E-14 0.000000E+00
   332     53    210 7.525113E-05 3.745942E-05 5.551415E-05 1.083291E-13 0.000000E+00
   333    106    312 3.448211E-05 2.051186E-05 2.708658E-05 3.996384E-14 0.000000E+00
   334    126    178 6.457548E-05 4.342544E-05 5.319448E-05 7.396293E-14 0.000000E+00
   335      4    307 9.443936E-05 2.664098E-05 5.963659E-05 7.772531E-14 0.000000E+00
   336      8    312 1.392675E-04 3.533203E-05 8.599681E-05 9.860195E-14 0.000000E+00
   337     51    106 6.786066E-05 3.127920E-05 4.883008E-05 1.735743E-13 0.000000E+00
   338    163    167 2.904953E-05 2.008139E-05 2.419881E-05 7.295351E-14 0.000000E+00
   339      1    156 1.573617E-04 5.319402E-05 1.037066E-04 1.789885E-13 0.000000E+00
   340    106    146 2.346069E-05 2.576372E-05 2.424486E-05 1.427411E-13 0.000000E+00
   341    156    256 6.028471E-05 2.755176E-05 4.326274E-05 8.249712E-14 0.000000E+00
   342     51    156 6.658100E-05 6.185207E-05 6.325808E-05 8.194652E-14 0.000000E+00
   343     34    176 6.282005E-05 2.275275E-05 4.214780E-05 1.228739E-13 0.000000E+00
   344    146    150 3.253358E-05 3.588654E-05 3.369947E-05 1.309493E-13 0.000000E+00
   345    150    238 3.229244E-05 2.702537E-05 2.921624E-05 5.060863E-14 0.000000E+00
   346     53    238 7.700215E-05 4.750702E-05 6.132541E-05 3.390732E-14 0.000000E+00
   347    126    228 5.202625E-05 2.757331E-05 3.920575E-05 8.479125E-14 0.000000E+00
   348      1    288 1.201643E-04 3.276404E-05 7.532291E-05 1.170009E-14 0.000000E+00
   349    134    249 5.505535E-05 3.148774E-05 4.262570E-05 3.124613E-14 0.000000E+00
   350    176    265 4.504997E-05 2.143808E-05 3.274785E-05 6.506169E-14 0.000000E+00
   351     32     47 3.089512E-05 3.621592E-05 3.305469E-05 4.244151E-13 0.000000E+00
   352    203    210 2.949333E-05 3.013793E-05 2.937062E-05 7.474294E-14 0.000000E+00
   353      7    136 1.222122E-04 5.781639E-05 8.867082E-05 9.373838E-14 0.000000E+00
   354    156    163 3.966125E-05 3.181588E-05 3.520515E-05 4.675448E-14 0.000000E+00
   355     78    156 4.974801E-05 6.438077E-05 5.621269E-05 1.158080E-13 0.000000E+00
   356    251    270 1.719558E-05 1.466284E-05 1.569146E-05 5.992282E-14 0.000000E+00
   357     81    248 6.803326E-05 3.572870E-05 5.110664E-05 9.360073E-14 0.000000E+00
   358     63    121 4.697397E-05 8.142825E-05 6.324289E-05 3.785324E-14 0.000000E+00
   359    249    265 2.683180E-05 3.049464E-05 2.823541E-05 4.992039E-14 0.000000E+00
   360    178    234 3.619346E-05 3.346709E-05 3.431042E-05 6.496992E-14 0.000000E+00
   361      7     91 1.043823E-04 6.087914E-05 8.139744E-05 1.113573E-13 0.000000E+00
   362     33    183 4.718963E-05 3.109759E-05 3.855938E-05 1.573777E-13 0.000000E+00
   363    217    238 2.520414E-05 3.055351E-05 2.746273E-05 5.574750E-14 0.000000E+00
   364      4     78 8.265902E-05 2.600008E-05 5.351866E-05 6.062024E-13 0.000000E+00
   365     32    126 8.741871E-05 5.662810E-05 7.094843E-05 1.913309E-14 0.000000E+00
   366    248    265 3.550330E-05 4.479605E-05 3.955043E-05 4.115679E-14 0.000000E+00
   367     33     51 9.398270E-05 5.299031E-05 7.238969E-05 1.947262E-13 0.000000E+00
   368    145    210 3.202627E-05 2.282905E-05 2.701829E-05 6.547463E-14 0.000000E+00
   369    156    328 4.729333E-05 1.631721E-05 3.133056E-05 1.624248E-14 0.000000E+00
   370     34    186 4.635285E-05 2.132013E-05 3.333147E-05 1.932121E-13 0.000000E+00
   371     53    399 1.019984E-04 1.178157E-05 5.604087E-05 2.014251E-14 0.000000E+00
   372    136    152 5.285076E-05 4.676939E-05 4.906664E-05 7.432999E-15 0.000000E+00
   373      7    102 8.891812E-05 5.289677E-05 6.984913E-05 1.012173E-13 0.000000E+00
   374     51    328 5.260033E-05 1.671100E-05 3.413841E-05 1.527894E-14 0.000000E+00
   375    104    136 7.742178E-05 2.953513E-05 5.268027E-05 1.337481E-13 0.000000E+00
   376      2     14 1.278489E-04 7.520895E-05 1.000135E-04 4.778226E-13 0.000000E+00
   377    150    314 7.168555E-05 5.137813E-05 6.061345E-05 5.037922E-14 0.000000E+00
   378     33    163 6.208695E-05 3.601513E-05 4.831893E-05 1.034655E-13 0.000000E+00
   379     33    278 9.385145E-05 3.285154E-05 6.240595E-05 9.038894E-15 0.000000E+00
   380    234    294 3.501595E-05 2.801006E-05 3.104266E-05 7.065938E-15 0.000000E+00
   381    178    262 3.233083E-05 2.806483E-05 2.974711E-05 1.830720E-14 0.000000E+00
   382    104    152 4.374339E-05 1.683414E-05 2.983670E-05 1.910556E-13 0.000000E+00
   383    282    296 3.347697E-05 2.663006E-05 2.960496E-05 4.202856E-14 0.000000E+00
   384    100    125 3.458999E-05 2.170474E-05 2.772726E-05 3.580687E-13 0.000000E+00
   385    121    220 6.284133E-05 5.157139E-05 5.635253E-05 1.365470E-13 0.000000E+00
   386     53    172 1.005424E-04 3.555256E-05 6.703184E-05 7.882650E-14 0.000000E+00
   387     33    328 7.416553E-05 2.424006E-05 4.846843E-05 2.431784E-14 0.000000E+00
   388    145    203 3.066251E-05 2.382734E-05 2.683829E-05 9.222425E-14 0.000000E+00
   389     32    204 5.916243E-05 2.957576E-05 4.370687E-05 1.160374E-13 0.000000E+00
   390      5     79 1.435919E-04 6.789999E-05 1.041676E-04 9.506898E-14 0.000000E+00
   391    156    345 3.201565E-05 1.582618E-05 2.356389E-05 2.248253E-15 0.000000E+00
   392      4     91 6.573093E-05 3.451266E-05 4.937371E-05 3.681170E-13 0.000000E+00
   393    145    262 7.678449E-05 2.733015E-05 5.128035E-05 6.574993E-14 0.000000E+00
   394     78    256 6.136365E-05 7.066171E-05 6.502742E-05 6.042753E-14 0.000000E+00
   395    270    317 4.111430E-05 1.130411E-05 2.581803E-05 6.515345E-15 0.000000E+00
   396    178    216 6.169266E-05 4.367599E-05 5.189799E-05 1.016761E-13 0.000000E+00
   397     91    104 4.587325E-05 5.851232E-05 5.141379E-05 1.519177E-13 0.000000E+00
   398      4    256 1.031578E-04 7.411016E-05 8.731108E-05 2.996141E-14 0.000000E+00
   399    113    217 5.467927E-05 3.966313E-05 4.646716E-05 9.525251E-14 0.000000E+00
   400     33    172 8.792964E-05 3.055959E-05 5.836036E-05 1.427870E-13 0.000000E+00
   401     47    186 4.978826E-05 4.186161E-05 4.514098E-05 2.812610E-14 0.000000E+00
   402    135    225 3.709161E-05 4.105852E-05 3.849185E-05 1.014926E-13 0.000000E+00
   403     14    282 7.950068E-05 3.747901E-05 5.761686E-05 2.408842E-14 0.000000E+00
   404      5      8 7.465136E-05 6.146455E-05 6.704217E-05 2.095005E-12 0.000000E+00
   405     78    288 8.512299E-05 3.046934E-05 5.693354E-05 4.514859E-14 0.000000E+00
   406    216    234 5.004131E-05 2.325188E-05 3.609963E-05 7.662413E-15 0.000000E+00
   407      2    121 8.690509E-05 2.372808E-05 5.449097E-05 3.992714E-13 0.000000E+00
   408      2    102 1.134825E-04 6.164645E-05 8.625755E-05 5.354512E-14 0.000000E+00
   409    203    304 2.828227E-05 5.242595E-05 3.975181E-05 3.179672E-14 0.000000E+00
   410      2      7 1.017217E-04 1.116469E-04 1.050920E-04 1.017679E-13 0.000000E+00
   411      4    149 8.500045E-05 6.633360E-05 7.453767E-05 8.864540E-14 0.000000E+00
   412    137    288 4.254641E-05 3.391227E-05 3.765875E-05 5.689456E-15 0.000000E+00
   413    113    236 5.352772E-05 4.573830E-05 4.889222E-05 1.543036E-13 0.000000E+00
   414     89    172 3.888316E-05 6.503044E-05 5.118132E-05 5.877575E-14 0.000000E+00
   415     78    137 7.289973E-05 1.985851E-05 4.568689E-05 1.772908E-13 0.000000E+00
   416      9    314 8.206263E-05 3.953249E-05 5.989013E-05 9.493133E-14 0.000000E+00
   417     78    149 5.685988E-05 7.236943E-05 6.365026E-05 4.918627E-14 0.000000E+00
   418     89    157 3.714663E-05 4.820140E-05 4.203709E-05 2.562091E-13 0.000000E+00
   419      5      9 1.104387E-04 6.760689E-05 8.769408E-05 1.650309E-12 0.000000E+00
   420    145    304 3.725443E-05 4.878689E-05 4.237856E-05 2.697903E-14 0.000000E+00
   421      7    220 1.272221E-04 2.150009E-05 7.325120E-05 9.763841E-14 0.000000E+00
   422    204    216 3.094815E-05 3.318663E-05 3.158877E-05 7.923944E-14 0.000000E+00
   423    137    149 3.660342E-05 4.699900E-05 4.117731E-05 7.143938E-14 0.000000E+00
   424    253    282 2.610746E-05 1.846999E-05 2.195606E-05 4.684625E-14 0.000000E+00
   425    100    306 4.036482E-05 2.457766E-05 3.198659E-05 3.335673E-14 0.000000E+00
   426     91    220 4.249845E-05 5.041187E-05 4.576180E-05 2.647432E-14 0.000000E+00
   427    143    234 3.618667E-05 5.573385E-05 4.527429E-05 2.670374E-14 0.000000E+00
   428     47    207 4.025447E-05 5.456438E-05 4.670182E-05 8.580067E-15 0.000000E+00
   429      5    182 1.123633E-04 4.382506E-05 7.692862E-05 2.690562E-13 0.000000E+00
   430      9    247 1.419738E-04 3.259511E-05 8.598172E-05 2.187229E-13 0.000000E+00
   431     33    237 6.421584E-05 2.862642E-05 4.572827E-05 1.087420E-14 0.000000E+00
   432     71    172 7.519179E-05 2.495080E-05 4.932396E-05 5.629809E-14 0.000000E+00
   433     91    242 3.970556E-05 2.133046E-05 3.006251E-05 4.404740E-14 0.000000E+00
   434      5    355 8.945040E-05 7.488225E-06 4.774589E-05 1.206715E-14 0.000000E+00
   435    113    143 2.979560E-05 3.961280E-05 3.418623E-05 2.354701E-13 0.000000E+00
   436     47    219 6.189345E-05 4.129741E-05 5.082535E-05 2.037192E-14 0.000000E+00
   437    181    306 4.103712E-05 3.352902E-05 3.672661E-05 5.505925E-14 0.000000E+00
   438     33     84 5.983459E-05 3.591334E-05 4.715943E-05 2.268900E-13 0.000000E+00
   439    113    162 1.138549E-04 5.012605E-05 8.076676E-05 5.102158E-14 0.000000E+00
   440     45    113 8.112100E-05 6.689037E-05 7.290113E-05 2.444172E-13 0.000000E+00
   441     45    145 4.472637E-05 5.789661E-05 5.054564E-05 3.500851E-14 0.000000E+00
   442    143    233 3.751183E-05 3.288014E-05 3.467067E-05 2.936494E-14 0.000000E+00
   443    201    233 4.243337E-05 3.599802E-05 3.863039E-05 2.615315E-14 0.000000E+00
   444     71     89 7.895039E-05 5.226848E-05 6.463019E-05 6.015224E-14 0.000000E+00
   445      9     78 1.098939E-04 8.292523E-05 9.497062E-05 8.658068E-14 0.000000E+00
   446     45    233 6.160183E-05 2.977991E-05 4.500891E-05 6.038165E-14 0.000000E+00
   447    201    309 4.505058E-05 1.794111E-05 3.102576E-05 3.473321E-14 0.000000E+00
   448    143    201 2.434959E-05 3.330838E-05 2.839870E-05 6.226284E-14 0.000000E+00
   449     11    104 8.537657E-05 3.371532E-05 5.865720E-05 2.587326E-13 0.000000E+00
   450     14    338 7.020307E-05 1.686997E-05 4.288672E-05 2.931905E-14 0.000000E+00
   451     95    135 3.393497E-05 4.306753E-05 3.792661E-05 1.629754E-13 0.000000E+00
   452    275    382 3.137710E-05 2.216573E-05 2.637185E-05 3.560498E-14 0.000000E+00
   453    100    182 6.060572E-05 3.727297E-05 4.820891E-05 8.213005E-15 0.000000E+00
   454     71    162 7.853782E-05 4.438385E-05 6.054351E-05 6.831936E-14 0.000000E+00
   455    135    205 4.615000E-05 2.666251E-05 3.586288E-05 3.725676E-14 0.000000E+00
   456      2      5 1.132143E-04 1.282374E-04 1.189239E-04 1.185839E-12 0.000000E+00
   457    181    196 3.456387E-05 3.816455E-05 3.582146E-05 3.922972E-14 0.000000E+00
   458    133    263 4.296109E-05 4.224998E-05 4.196963E-05 1.074114E-13 0.000000E+00
   459     67    149 3.897060E-05 2.967279E-05 3.380943E-05 5.409572E-14 0.000000E+00
   460      3    295 9.026118E-05 3.204401E-05 6.023987E-05 1.108985E-13 0.000000E+00
   461      9    162 7.566790E-05 3.290456E-05 5.347599E-05 2.825916E-13 0.000000E+00
   462      5     67 1.104346E-04 4.359000E-05 7.586287E-05 6.886995E-14 0.000000E+00
   463    247    300 2.338134E-05 2.052164E-05 2.162386E-05 4.657095E-14 0.000000E+00
   464      9    113 8.300088E-05 9.306401E-05 8.671853E-05 5.464631E-14 0.000000E+00
   465    181    194 2.783010E-05 1.993385E-05 2.352553E-05 9.277484E-14 0.000000E+00
   466    100    338 9.381552E-05 1.285869E-05 5.254103E-05 1.605895E-14 0.000000E+00
   467    107    237 4.938539E-05 2.340537E-05 3.585217E-05 3.881677E-14 0.000000E+00
   468     99    224 4.147062E-05 2.568127E-05 3.307481E-05 8.717715E-14 0.000000E+00
   469     84    107 3.371129E-05 4.790263E-05 4.019790E-05 1.323716E-13 0.000000E+00
   470      2     67 1.043268E-04 3.354786E-05 6.790843E-05 7.616530E-14 0.000000E+00
   471    226    242 2.931405E-05 3.192937E-05 3.016467E-05 2.220723E-14 0.000000E+00
   472    194    196 2.275783E-05 2.394471E-05 2.300274E-05 6.717229E-14 0.000000E+00
   473    182    196 4.000306E-05 3.294030E-05 3.592732E-05 5.464631E-14 0.000000E+00
   474     45    143 1.013105E-04 4.811234E-05 7.359631E-05 1.204880E-13 0.000000E+00
   475    209    338 6.887139E-05 1.693745E-05 4.226405E-05 3.308144E-14 0.000000E+00
   476    170    276 4.886925E-05 3.202612E-05 3.984399E-05 1.582954E-14 0.000000E+00
   477     71    304 9.651437E-05 5.434233E-05 7.430255E-05 8.869128E-14 0.000000E+00
   478     80    201 5.507886E-05 2.206558E-05 3.799652E-05 7.419235E-14 0.000000E+00
   479     45     71 5.024325E-05 6.763679E-05 5.806032E-05 4.475400E-13 0.000000E+00
   480      3    196 7.936961E-05 2.534015E-05 5.157346E-05 2.534102E-13 0.000000E+00
   481     98    219 3.811340E-05 2.091888E-05 2.907560E-05 3.445792E-14 0.000000E+00
   482     99    115 6.586261E-05 4.734614E-05 5.575953E-05 2.230359E-13 0.000000E+00
   483    133    347 4.942678E-05 1.575388E-05 3.210391E-05 3.266849E-14 0.000000E+00
   484     84    193 3.879172E-05 4.091411E-05 3.925810E-05 8.580067E-15 0.000000E+00
   485     67    155 4.108406E-05 2.195956E-05 3.105133E-05 1.904133E-13 0.000000E+00
   486    301    339 3.504742E-05 1.962845E-05 2.692991E-05 1.908721E-14 0.000000E+00
   487      9    193 1.034093E-04 3.125210E-05 6.632576E-05 3.977113E-13 0.000000E+00
   488      2    209 9.863797E-05 4.988351E-05 7.315237E-05 2.920893E-13 0.000000E+00
   489    182    209 6.442972E-05 8.338000E-05 7.280180E-05 3.555910E-14 0.000000E+00
   490    170    339 5.186485E-05 1.654924E-05 3.369649E-05 1.055302E-14 0.000000E+00
   491     98    154 2.270162E-05 2.827857E-05 2.510965E-05 1.340234E-13 0.000000E+00
   492    205    301 6.585888E-05 2.222868E-05 4.338641E-05 1.325093E-13 0.000000E+00
   493      3      5 8.432942E-05 6.692236E-05 7.449715E-05 4.565330E-14 0.000000E+00
   494     58     98 1.090866E-04 4.182578E-05 7.432997E-05 9.548192E-14 0.000000E+00
   495      2    344 1.150162E-04 2.420314E-05 6.857074E-05 1.348952E-14 0.000000E+00
   496    155    226 4.522537E-05 6.178347E-05 5.270584E-05 5.198511E-14 0.000000E+00
   497     84    271 5.870241E-05 5.273427E-05 5.488672E-05 1.009420E-14 0.000000E+00
   498    209    387 4.783436E-05 3.651478E-06 2.535870E-05 5.276512E-15 0.000000E+00
   499    226    347 5.447634E-05 3.328101E-05 4.322377E-05 1.771073E-14 0.000000E+00
   500    113    197 7.715073E-05 5.591596E-05 6.554031E-05 9.327955E-14 0.000000E+00
   501    115    224 3.918006E-05 2.228126E-05 3.027199E-05 4.771802E-14 0.000000E+00
   502     95    108 3.852799E-05 8.010923E-05 5.843326E-05 8.180888E-14 0.000000E+00
   503     97    182 3.455236E-05 4.551811E-05 3.943770E-05 9.190307E-14 0.000000E+00
   504      3    170 8.351553E-05 6.195315E-05 7.164875E-05 1.419152E-13 0.000000E+00
   505     13    239 7.443520E-05 2.163730E-05 4.731929E-05 8.639715E-14 0.000000E+00
   506     13    113 8.318067E-05 7.643920E-05 7.861874E-05 1.514129E-15 0.000000E+00
   507      2     11 1.166207E-04 9.840648E-05 1.059089E-04 1.469623E-13 0.000000E+00
   508    269    347 5.873141E-05 1.797407E-05 3.778031E-05 1.486600E-14 0.000000E+00
   509      5    117 6.841374E-05 3.249111E-05 4.969940E-05 1.880274E-13 0.000000E+00
   510     71    193 8.531187E-05 1.669709E-05 5.024322E-05 2.583197E-14 0.000000E+00
   511     39    226 1.279611E-04 6.226914E-05 9.369551E-05 6.717229E-14 0.000000E+00
   512    115    154 5.288621E-05 2.061080E-05 3.620002E-05 1.102562E-13 0.000000E+00
   513     80    115 7.422004E-05 4.132240E-05 5.690896E-05 4.129444E-14 0.000000E+00
   514     39    155 1.165960E-04 3.839951E-05 7.634106E-05 1.016302E-13 0.000000E+00
   515     13    197 6.750776E-05 3.641968E-05 5.118814E-05 1.652236E-13 0.000000E+00
   516     98    115 4.636271E-05 5.956785E-05 5.217476E-05 3.454968E-14 0.000000E+00
   517     67    254 6.681974E-05 4.030526E-05 5.276306E-05 2.890611E-15 0.000000E+00
   518     68    209 6.900358E-05 6.739407E-05 6.718094E-05 5.533455E-14 0.000000E+00
   519    226    269 5.765514E-05 6.327300E-05 5.956162E-05 4.739684E-14 0.000000E+00
   520      5    254 1.152754E-04 2.926801E-05 7.119300E-05 1.300775E-13 0.000000E+00
   521      3    117 8.569170E-05 2.595668E-05 5.499099E-05 2.768104E-13 0.000000E+00
   522    170    377 5.874353E-05 4.943845E-06 3.136841E-05 2.161076E-14 0.000000E+00
   523      3     58 8.504155E-05 5.730591E-05 7.011143E-05 1.520553E-13 0.000000E+00
   524     39    107 8.817785E-05 7.070074E-05 7.825363E-05 1.334728E-13 0.000000E+00
   525     80    302 5.095189E-05 2.020538E-05 3.504761E-05 1.094762E-13 0.000000E+00
   526      9     39 1.204774E-04 5.042576E-05 8.417621E-05 2.814904E-13 0.000000E+00
   527    154    260 2.986311E-05 4.440280E-05 3.657873E-05 8.300183E-14 0.000000E+00
   528      2    326 9.725944E-05 5.415614E-05 7.457782E-05 3.808265E-14 0.000000E+00
   529      2    218 1.087033E-04 1.870362E-05 6.275264E-05 1.314540E-13 0.000000E+00
   530    160    170 3.950804E-05 3.769175E-05 3.802378E-05 7.318293E-14 0.000000E+00
   531    190    269 4.003954E-05 2.838115E-05 3.369974E-05 1.142480E-13 0.000000E+00
   532    239    302 4.236078E-05 2.521175E-05 3.328199E-05 4.950745E-14 0.000000E+00
   533      5     23 8.407522E-05 6.334744E-05 7.261116E-05 2.162452E-13 0.000000E+00
   534      2    188 9.602824E-05 4.204934E-05 6.800836E-05 1.273704E-13 0.000000E+00
   535    175    226 4.871132E-05 5.369436E-05 5.043862E-05 2.702492E-14 0.000000E+00
   536     45     62 1.018417E-04 8.243051E-05 9.076094E-05 6.097812E-14 0.000000E+00
   537    271    273 5.444972E-05 4.756769E-05 5.024738E-05 3.844971E-14 0.000000E+00
   538    108    337 6.052021E-05 1.933804E-05 3.933317E-05 1.720602E-14 0.000000E+00
   539     62    197 6.110266E-05 3.191330E-05 4.581383E-05 1.234245E-13 0.000000E+00
   540    165    320 7.246720E-05 2.704129E-05 4.901164E-05 6.836524E-15 0.000000E+00
   541      2    213 1.200046E-04 4.924612E-05 8.336228E-05 1.238833E-13 0.000000E+00
   542      3    160 9.928052E-05 2.186170E-05 5.966706E-05 1.320046E-13 0.000000E+00
   543    223    332 3.825644E-05 1.916889E-05 2.828412E-05 2.252841E-14 0.000000E+00
   544    155    213 5.111125E-05 2.310686E-05 3.655519E-05 2.950258E-14 0.000000E+00
   545     39     86 5.715458E-05 5.790687E-05 5.667206E-05 3.464145E-14 0.000000E+00
   546     30    115 5.316293E-05 4.671741E-05 4.919479E-05 9.901489E-14 0.000000E+00
   547      2    230 1.108012E-04 4.274616E-05 7.562782E-05 1.218645E-13 0.000000E+00
   548     68     74 3.472816E-05 3.362249E-05 3.366525E-05 7.185233E-14 0.000000E+00
   549    160    240 4.049500E-05 3.503692E-05 3.720229E-05 9.635370E-15 0.000000E+00
   550    254    258 2.355930E-05 3.234813E-05 2.753649E-05 4.872744E-14 0.000000E+00
   551    190    277 2.046065E-05 2.682783E-05 2.329134E-05 3.120024E-14 0.000000E+00
   552     23    254 4.908544E-05 2.356430E-05 3.578271E-05 4.725919E-15 0.000000E+00
   553     58    260 7.806593E-05 2.934659E-05 5.290467E-05 4.863567E-14 0.000000E+00
   554      9     43 1.221106E-04 6.046468E-05 8.992511E-05 2.996141E-14 0.000000E+00
   555    165    267 5.188438E-05 1.932411E-05 3.507284E-05 1.628836E-14 0.000000E+00
   556    175    269 4.392796E-05 5.632687E-05 4.937924E-05 3.257673E-15 0.000000E+00
   557     97    164 3.584822E-05 6.605173E-05 5.018953E-05 1.927074E-14 0.000000E+00
   558     43    258 4.889217E-05 2.542025E-05 3.660164E-05 3.152142E-14 0.000000E+00
   559     58    160 3.761690E-05 3.194758E-05 3.426310E-05 9.759253E-14 0.000000E+00
   560     43    232 4.180849E-05 2.883398E-05 3.479405E-05 3.000729E-14 0.000000E+00
   561     62    274 6.638104E-05 2.598266E-05 4.549257E-05 1.280128E-14 0.000000E+00
   562     22    290 4.980673E-05 2.114447E-05 3.494611E-05 2.069310E-14 0.000000E+00
   563      3     13 1.098519E-04 7.528067E-05 9.118469E-05 5.423337E-14 0.000000E+00
   564    188    298 5.238899E-05 2.489962E-05 3.806752E-05 4.083561E-14 0.000000E+00
   565     39    279 1.045057E-04 2.050266E-05 6.157129E-05 7.295351E-15 0.000000E+00
   566     23    117 8.200806E-05 4.114453E-05 6.065724E-05 1.110362E-14 0.000000E+00
   567      3    297 1.016947E-04 3.926584E-05 6.942834E-05 3.202613E-14 0.000000E+00
   568     39    280 5.807217E-05 2.486647E-05 4.085037E-05 7.708296E-14 0.000000E+00
   569    190    241 3.201790E-05 3.686094E-05 3.392540E-05 6.882407E-15 0.000000E+00
   570    208    273 2.791323E-05 1.785707E-05 2.254358E-05 8.350654E-15 0.000000E+00
   571     74    108 2.319285E-05 5.022258E-05 3.615984E-05 2.720845E-14 0.000000E+00
   572    213    279 3.196899E-05 2.505112E-05 2.808453E-05 2.046369E-14 0.000000E+00
   573     23    164 5.246598E-05 1.654804E-05 3.399198E-05 2.656609E-14 0.000000E+00
   574    229    342 2.885797E-05 2.456121E-05 2.631094E-05 9.176542E-16 0.000000E+00
   575    241    303 2.912720E-05 1.720743E-05 2.282154E-05 8.993012E-15 0.000000E+00
   576     43    280 6.941064E-05 3.606209E-05 5.194925E-05 5.735339E-15 0.000000E+00
   577      0    298 3.580000E-06 0.000000E+00 7.195800E-06 2.032604E-14 0.000000E+00
   578      0    188 3.580000E-06 2.182216E-05 8.958230E-06 5.152629E-14 0.000000E+00
   579      0     11 3.580000E-06 7.137461E-05 3.336466E-05 6.954901E-13 0.000000E+00
   580      0    281 3.580000E-06 0.000000E+00 7.195800E-06 7.662413E-15 0.000000E+00
   581      0    303 3.580000E-06 0.000000E+00 7.195800E-06 1.101185E-14 0.000000E+00
   582      0    108 3.580000E-06 1.075231E-05 3.505916E-06 1.157621E-13 0.000000E+00
   583      0     74 3.580000E-06 0.000000E+00 7.195800E-06 5.235217E-14 0.000000E+00
   584      0    241 3.580000E-06 0.000000E+00 7.195800E-06 3.711911E-14 0.000000E+00
   585      0    175 3.580000E-06 1.751058E-05 6.834613E-06 6.987937E-14 0.000000E+00
   586      0     68 3.580000E-06 0.000000E+00 7.195800E-06 8.882893E-14 0.000000E+00
   587      0    230 3.580000E-06 1.636005E-06 5.559795E-06 4.312975E-14 0.000000E+00
   588      0    229 3.580000E-06 6.754457E-06 1.536822E-06 3.569675E-14 0.000000E+00
   589      0    342 3.580000E-06 1.223289E-06 5.972511E-06 2.569432E-15 0.000000E+00
   590      0    213 3.580000E-06 2.267068E-05 9.376157E-06 3.964266E-14 0.000000E+00
   591      0    277 3.580000E-06 1.540121E-05 5.795671E-06 6.882407E-15 0.000000E+00
   592      0    269 3.580000E-06 3.192467E-05 1.393409E-05 2.785081E-14 0.000000E+00
   593      0    164 3.580000E-06 0.000000E+00 7.195800E-06 6.717229E-14 0.000000E+00
   594      0    279 3.580000E-06 2.153679E-06 5.042121E-06 1.890368E-14 0.000000E+00
   595      0    372 3.580000E-06 5.509289E-06 1.686511E-06 1.147068E-15 0.000000E+00
   596      0    240 3.580000E-06 0.000000E+00 7.195800E-06 2.876846E-14 0.000000E+00
   597      0     86 3.580000E-06 9.436522E-06 2.857839E-06 7.354999E-14 0.000000E+00
   598      0     23 3.580000E-06 0.000000E+00 7.195800E-06 2.225312E-13 0.000000E+00
   599      0    354 3.580000E-06 9.664868E-06 2.970308E-06 2.523549E-15 0.000000E+00
   600      0    258 3.580000E-06 5.146155E-05 2.355673E-05 1.656366E-14 0.000000E+00
   601      0      3 3.580000E-06 8.660891E-05 4.086812E-05 5.383419E-13 0.000000E+00
   602      0    160 3.580000E-06 3.069596E-05 1.332891E-05 2.674962E-14 0.000000E+00
   603      0     39 3.580000E-06 6.583075E-05 3.063410E-05 2.328548E-13 0.000000E+00
   604      0     58 3.580000E-06 1.527742E-05 5.734698E-06 2.314783E-13 0.000000E+00
   605      0     43 3.580000E-06 9.552656E-06 2.915039E-06 1.722896E-13 0.000000E+00
   606      0    232 3.580000E-06 2.713109E-05 1.157307E-05 3.744029E-14 0.000000E+00
   607      0    280 3.580000E-06 1.307764E-05 4.651228E-06 3.409086E-14 0.000000E+00
   608      0     13 3.580000E-06 3.951072E-05 1.767050E-05 5.170982E-13 0.000000E+00
   609      0    297 3.580000E-06 2.125524E-06 5.070276E-06 2.138134E-14 0.000000E+00
   610      0     30 3.580000E-06 0.000000E+00 7.195800E-06 1.789426E-13 0.000000E+00
   611      0    197 3.580000E-06 4.182304E-05 1.880941E-05 3.739441E-14 0.000000E+00
   612      0    374 3.580000E-06 8.622330E-07 6.333567E-06 3.165907E-15 0.000000E+00
   613      0    378 3.580000E-06 6.463100E-06 1.393318E-06 8.258888E-16 0.000000E+00
   614      0    274 3.580000E-06 0.000000E+00 7.195800E-06 1.376481E-14 0.000000E+00
   615      0     22 3.580000E-06 7.802683E-06 2.053113E-06 2.073440E-13 0.000000E+00
   616      0    165 3.580000E-06 2.040280E-06 5.155520E-06 9.249955E-14 0.000000E+00
   617      0    273 3.580000E-06 1.086144E-05 3.559664E-06 2.032604E-14 0.000000E+00
   618      0    385 3.580000E-06 3.429053E-06 3.766747E-06 6.698876E-15 0.000000E+00
   619      0    161 3.580000E-06 0.000000E+00 7.195800E-06 2.716257E-14 0.000000E+00
   620      0    290 3.580000E-06 6.483603E-06 1.403416E-06 9.910666E-15 0.000000E+00
   621      0    208 3.580000E-06 0.000000E+00 7.195800E-06 1.445305E-14 0.000000E+00
   622    225    340 2.648593E-05 4.658590E-05 3.599061E-05 4.221210E-15 0.000000E+00
   623     66    287 8.333174E-05 4.630899E-05 6.385290E-05 3.569675E-14 0.000000E+00
   624     40    268 3.363243E-05 3.459843E-05 3.360624E-05 9.956549E-15 0.000000E+00
   625     41     54 6.637716E-05 1.000734E-04 8.198310E-05 5.129687E-14 0.000000E+00
   626    240    354 4.084154E-05 2.516997E-05 3.251313E-05 2.752963E-16 0.000000E+00
   627    161    165 3.954992E-05 3.566911E-05 3.704818E-05 1.133303E-14 0.000000E+00
   628    135    306 7.424982E-05 3.272310E-05 5.268815E-05 7.570647E-15 0.000000E+00
   629    108    332 6.406451E-05 3.202227E-05 4.732632E-05 1.757308E-14 0.000000E+00
   630     47    228 6.085228E-05 6.141793E-05 6.022264E-05 1.743543E-14 0.000000E+00
   631    115    363 4.259928E-05 2.357962E-05 3.259558E-05 1.835308E-15 0.000000E+00
   632    115    364 5.532710E-05 5.629204E-06 3.002326E-05 2.798845E-15 0.000000E+00
   633     95    253 4.942915E-05 3.102764E-05 3.962797E-05 4.725919E-15 0.000000E+00
   634     88    245 7.576598E-05 2.839086E-05 5.130113E-05 6.285932E-15 0.000000E+00
   635     10    125 5.076126E-05 4.403918E-05 4.669275E-05 1.348952E-14 0.000000E+00
   636    186    228 3.644013E-05 3.771689E-05 3.652510E-05 2.436372E-14 0.000000E+00
   637     15     64 5.469785E-05 3.560568E-05 4.447786E-05 5.781222E-15 0.000000E+00
   638    204    361 2.928511E-05 7.303035E-06 1.802103E-05 5.414160E-15 0.000000E+00
   639    123    368 5.746207E-05 1.526513E-05 3.582086E-05 1.284716E-15 0.000000E+00
   640    317    389 3.068250E-05 5.494244E-06 1.781840E-05 1.651778E-15 0.000000E+00
   641     61    360 6.489892E-05 1.233827E-05 3.804220E-05 2.000486E-14 0.000000E+00
   642    123    221 3.248442E-05 3.058034E-05 3.106175E-05 1.472835E-14 0.000000E+00
   643    260    297 2.544639E-05 3.011219E-05 2.736467E-05 2.009663E-14 0.000000E+00
   644    264    270 4.204192E-05 4.391358E-05 4.233629E-05 1.183774E-14 0.000000E+00
   645      8    125 8.942348E-05 7.027084E-05 7.865541E-05 2.798845E-15 0.000000E+00
   646     14    296 9.123997E-05 2.349942E-05 5.651343E-05 6.712641E-14 0.000000E+00
   647     13    297 7.804356E-05 4.166778E-05 5.896230E-05 3.165907E-15 0.000000E+00
   648     14    100 5.829342E-05 5.650995E-05 5.654494E-05 3.766971E-14 0.000000E+00
   649    224    239 4.400991E-05 3.042855E-05 3.666372E-05 5.781222E-15 0.000000E+00
   650    251    388 2.903298E-05 9.909615E-06 1.918068E-05 4.037679E-15 0.000000E+00
   651    191    397 5.351112E-05 9.788119E-06 3.117724E-05 5.460043E-15 0.000000E+00
   652     19    158 1.147349E-04 3.777210E-05 7.511541E-05 5.262747E-14 0.000000E+00
   653      8    146 1.248580E-04 4.963229E-05 8.594299E-05 4.134032E-14 0.000000E+00
   654    212    325 7.511218E-05 1.843322E-05 4.607460E-05 2.431784E-15 0.000000E+00
   655     44    139 7.294076E-05 5.063982E-05 6.086804E-05 1.238833E-15 0.000000E+00
   656    212    322 3.058081E-05 1.678283E-05 2.332836E-05 1.862838E-14 0.000000E+00
   657     73    311 6.632467E-05 4.008177E-05 5.240914E-05 1.560012E-14 0.000000E+00
   658      5    232 1.277753E-04 3.497056E-05 8.015840E-05 1.514129E-15 0.000000E+00
   659    106    150 6.308756E-05 3.843626E-05 5.000427E-05 3.762382E-15 0.000000E+00
   660    141    395 8.454704E-05 7.243748E-06 4.521039E-05 8.258888E-16 0.000000E+00
   661    145    172 3.892107E-05 6.222997E-05 4.982066E-05 3.578852E-15 0.000000E+00
   662    175    218 3.342196E-05 2.864509E-05 3.057034E-05 5.092981E-15 0.000000E+00
   663    168    330 6.045376E-05 1.636803E-05 3.783760E-05 1.734367E-14 0.000000E+00
   664      7    307 7.051675E-05 3.988322E-05 5.437610E-05 2.798845E-15 0.000000E+00
   665    269    279 4.454852E-05 3.820555E-05 4.075947E-05 5.047098E-16 0.000000E+00
   666    202    316 2.769331E-05 2.333222E-05 2.513198E-05 2.546491E-14 0.000000E+00
   667    202    349 8.126147E-05 1.400519E-05 4.692238E-05 3.312732E-14 0.000000E+00
   668    174    308 6.171392E-05 4.056881E-05 5.037806E-05 2.128958E-14 0.000000E+00
   669    183    278 5.124672E-05 2.407569E-05 3.709910E-05 1.596718E-14 0.000000E+00
   670    277    372 3.031960E-05 1.004090E-05 1.987905E-05 8.717715E-16 0.000000E+00
   671    247    315 5.754178E-05 2.460230E-05 4.045903E-05 1.036949E-14 0.000000E+00
   672    326    398 2.381949E-05 1.308361E-05 1.817615E-05 7.800061E-16 0.000000E+00
   673     74    298 4.500881E-05 2.930196E-05 3.660083E-05 4.358858E-15 0.000000E+00
   674    253    338 4.285961E-05 4.283012E-05 4.220539E-05 6.423580E-16 0.000000E+00
   675     95    100 7.552361E-05 8.665620E-05 7.987961E-05 1.376481E-15 0.000000E+00
   676     14    102 7.969416E-05 4.556533E-05 6.169497E-05 4.496506E-15 0.000000E+00
   677      7    330 6.308196E-05 1.312057E-05 3.753259E-05 9.038894E-15 0.000000E+00
   678    213    218 6.217567E-05 2.309174E-05 4.199738E-05 1.238833E-14 0.000000E+00
   679    103    180 7.081416E-05 7.862418E-05 7.360396E-05 4.771802E-15 0.000000E+00
   680    229    240 3.425774E-05 4.358091E-05 3.833844E-05 4.129444E-16 0.000000E+00
   681     20     87 6.023150E-05 5.649273E-05 5.749104E-05 6.744759E-15 0.000000E+00
   682     86    372 3.836761E-05 1.196705E-05 2.479170E-05 1.651778E-15 0.000000E+00
   683     29    198 8.975974E-05 5.526105E-05 7.142815E-05 1.509541E-14 0.000000E+00
   684    155    258 5.713479E-05 4.121580E-05 4.844134E-05 3.120024E-15 0.000000E+00
   685      5    336 8.114407E-05 9.700670E-06 4.474442E-05 2.372136E-14 0.000000E+00
   686     52     79 1.309368E-04 7.358211E-05 1.007332E-04 6.285932E-15 0.000000E+00
   687    176    249 6.565859E-05 3.839744E-05 5.125148E-05 2.752963E-15 0.000000E+00
   688      9    232 8.317956E-05 3.893919E-05 6.014804E-05 3.991796E-15 0.000000E+00
   689     43     62 6.988079E-05 5.055907E-05 5.932113E-05 3.991796E-15 0.000000E+00
   690    107    300 5.426888E-05 2.055072E-05 3.685144E-05 2.060134E-14 0.000000E+00
   691     71     84 6.367109E-05 3.947011E-05 5.080089E-05 2.523549E-15 0.000000E+00
   692    126    329 6.956345E-05 2.185230E-05 4.502567E-05 2.179429E-14 0.000000E+00
   693    178    294 6.103609E-05 2.259013E-05 4.118903E-05 1.284716E-15 0.000000E+00
   694    246    394 2.918487E-05 9.485084E-06 1.904639E-05 1.422364E-15 0.000000E+00
   695    120    334 3.802333E-05 1.446183E-05 2.585090E-05 1.183774E-14 0.000000E+00
   696    179    318 5.009387E-05 2.605775E-05 3.750751E-05 1.743543E-15 0.000000E+00
   697    233    309 2.348070E-05 1.940982E-05 2.112518E-05 1.564600E-14 0.000000E+00
   698    153    370 5.262729E-05 1.359826E-05 3.261856E-05 1.514129E-15 0.000000E+00
   699     45    304 5.169273E-05 3.607796E-05 4.323034E-05 1.344363E-14 0.000000E+00
