   401  9.164800E-04  9.164800E-04  9.164800E-04
     1 3.293242E-04 6.372758E-04 3.996276E-04  18	    4	    6	    7	   19	   27	   28	   51	   69	   75	   79	  114	  156	  158	  199	  200	  283	  288	  391	    0	    0	  316	  224	  244	  188	  191	  161	  331	  259	  159	  317	  219	  339	  211	  227	  215	  187	  348	  201
     2 7.304208E-04 5.074660E-04 1.169248E-04  14	    5	    7	   11	   14	   67	  102	  121	  188	  209	  213	  218	  230	  326	  344	    0	    0	  456	  410	  507	  376	  470	  408	  407	  534	  488	  541	  529	  547	  528	  495
     3 7.915943E-04 1.878847E-04 4.418628E-04  10	    0	    5	   13	   58	  117	  160	  170	  196	  295	  297	    0	    1	  601	  493	  563	  523	  521	  542	  504	  480	  460	  567
     4 5.740731E-04 7.969159E-04 2.561277E-04   8	    1	    7	   78	   91	  149	  174	  256	  307	    0	    0	  316	  318	  364	  392	  411	  322	  398	  335
     5 7.143294E-04 3.886297E-04 4.126428E-04  13	    2	    3	    8	    9	   23	   67	   79	  117	  182	  232	  254	  336	  355	    0	    0	  456	  493	  404	  419	  533	  462	  390	  509	  429	  658	  520	  685	  434
     6 2.484209E-04 8.579211E-04 5.846873E-04   8	    1	   12	   17	   27	   75	   76	   77	  112	    0	    0	  224	  142	  141	  172	  156	  179	  246	  232
     7 4.716108E-04 6.352812E-04 1.957779E-04  10	    1	    2	    4	   79	   91	  102	  136	  220	  307	  330	    0	    0	  244	  410	  318	  312	  361	  373	  353	  421	  664	  677
     8 5.577080E-04 3.645683E-04 3.517014E-04   7	    5	   37	   52	   79	  125	  146	  312	    0	    0	  404	  301	  306	  330	  645	  653	  336
     9 7.186801E-04 5.891220E-04 5.312310E-04  10	    5	   39	   43	   78	  113	  162	  193	  232	  247	  314	    0	    0	  419	  526	  554	  445	  464	  461	  487	  688	  430	  416
    10 5.678868E-04 8.400870E-05 2.731337E-04   2	  125	  132	    0	    0	  635	  309
    11 8.108777E-04 8.018842E-04 3.828745E-05   3	    0	    2	  104	    0	    1	  579	  507	  449
    12 1.414094E-04 8.655036E-04 6.465174E-04   7	    6	   17	   21	   76	  202	  316	  358	    0	    0	  142	   88	   80	  146	  147	  129	  133
    13 8.585824E-04 3.447255E-04 6.173489E-04   6	    0	    3	  113	  197	  239	  297	    0	    1	  608	  563	  506	  515	  505	  647
    14 5.892044E-04 3.443852E-04 1.221371E-04   7	    2	   85	  100	  102	  282	  296	  338	    0	    0	  376	  320	  648	  676	  403	  646	  450
    15 7.585789E-05 1.777747E-04 2.016225E-04   8	   -1	   20	   46	   64	   88	  129	  147	  215	    1	    0	   10	   72	   93	  637	   75	  135	  174	  134
    16 2.511895E-04 4.478934E-04 7.923673E-04   8	   25	   31	   36	  110	  118	  212	  244	  272	    0	    0	  213	  165	  193	  175	  170	  239	  180	  214
    17 1.074358E-04 8.007490E-04 5.884140E-04   8	    6	   12	   21	   27	   56	   57	   75	  235	    0	    0	  141	   88	   61	  128	   87	   86	  154	  132
    18 7.234513E-06 8.811333E-04 3.903485E-04   4	   -1	   56	   60	  148	    1	    0	   16	   48	   58	   45
    19 2.630787E-04 4.094029E-04 5.394380E-04   9	    1	   36	   52	   94	  110	  116	  146	  158	  310	    0	    0	  188	  208	  263	  197	  184	  238	  296	  652	  216
    20 1.334220E-04 7.156420E-05 2.267837E-04   7	   15	   29	   87	   88	  147	  171	  189	    0	    0	   72	  171	  681	   57	  177	  185	   94
    21 3.728500E-06 7.866403E-04 6.175499E-04   4	   -1	   12	   17	  124	    1	    0	   29	   80	   61	   51
    22 9.045138E-04 7.859923E-04 8.030627E-04   2	    0	  290	    0	    1	  615	  562
    23 9.146900E-04 4.321981E-04 3.670298E-04   5	    0	    5	  117	  164	  254	    0	    1	  598	  533	  566	  573	  552
    24 1.790000E-06 5.486230E-04 5.333842E-04   7	   -1	   44	   57	   73	   75	   93	  110	    1	    0	   22	   47	   60	   84	   99	   77	  117
    25 3.242673E-04 3.785357E-04 7.996947E-04   5	   16	  243	  291	  294	  329	    0	    0	  213	  252	  272	  315	  304
    26 4.239901E-04 6.294151E-04 6.214457E-04   5	   36	   51	   53	   77	  106	    0	    0	  249	  310	  293	  264	  313
    27 2.165300E-04 8.141546E-04 4.704944E-04   4	    1	    6	   17	  103	    0	    0	  191	  172	  128	  140
    28 6.547566E-05 3.745980E-04 1.271757E-04   7	   -1	    1	   46	   65	  200	  252	  311	    1	    0	    8	  161	  113	   62	  124	  138	  106
    29 2.781307E-04 3.019447E-05 2.667076E-04   4	   20	   42	  147	  198	    0	    0	  171	  237	  210	  683
    30 9.146900E-04 1.588726E-04 7.135118E-04   2	    0	  115	    0	    1	  610	  546
    31 1.210736E-04 3.006842E-04 7.034721E-04   9	   -1	   16	   94	  151	  153	  192	  195	  292	  390	    1	    0	   31	  165	  168	  143	   89	  123	  136	  110	   66
    32 5.383753E-04 7.240210E-05 8.681674E-04   4	   47	  126	  204	  222	    0	    0	  351	  365	  389	  325
    33 6.046677E-04 8.354458E-04 6.967682E-04   8	   51	   84	  163	  172	  183	  237	  278	  328	    0	    0	  367	  438	  378	  400	  362	  431	  379	  387
    34 5.859271E-04 2.098405E-04 6.580583E-04   2	  176	  186	    0	    0	  343	  370
    35 4.181503E-04 1.956036E-04 5.091144E-04   5	   50	   52	  138	  176	  264	    0	    0	  271	  292	  253	  302	  303
    36 2.982470E-04 4.884989E-04 6.817789E-04   5	   16	   19	   26	   53	  110	    0	    0	  193	  208	  249	  279	  192
    37 3.704534E-04 3.876493E-04 3.235692E-04   5	    8	   52	   90	  158	  177	    0	    0	  301	  274	  245	  236	  273
    38 4.101895E-04 6.930650E-04 7.715729E-04   8	   53	   59	   72	   77	  105	  212	  272	  324	    0	    0	  305	  280	  276	  254	  291	  258	  231	  240
    39 8.596122E-04 7.751629E-04 4.525175E-04   8	    0	    9	   86	  107	  155	  226	  279	  280	    0	    1	  603	  526	  545	  524	  514	  511	  565	  568
    40 1.790000E-06 2.692459E-05 4.703308E-04   3	   -1	   83	  268	    1	    0	   23	   42	  624
    41 2.030475E-04 1.011275E-04 4.379577E-04   3	   48	   54	   87	    0	    0	  145	  625	  148
    42 3.560693E-04 1.273866E-04 3.691523E-04   4	   29	   50	  166	  264	    0	    0	  237	  275	  289	  300
    43 9.004871E-04 6.430603E-04 4.850353E-04   6	    0	    9	   62	  232	  258	  280	    0	    1	  605	  554	  689	  560	  558	  576
    44 1.790000E-06 5.572120E-04 3.843280E-04   4	   -1	   24	   57	  139	    1	    0	   14	   47	   50	  655
    45 7.322850E-04 5.454744E-04 8.219328E-04   7	   62	   71	  113	  143	  145	  233	  304	    0	    0	  536	  479	  440	  474	  441	  446	  699
    46 9.844958E-05 3.134583E-04 3.231714E-04   7	   15	   28	   48	   87	  131	  139	  140	    0	    0	   93	  113	  153	  119	  152	   73	   85
    47 5.975651E-04 8.157919E-05 8.000394E-04   5	   32	  186	  207	  219	  228	    0	    0	  351	  401	  428	  436	  630
    48 1.398642E-04 1.545671E-04 4.458367E-04   6	   41	   46	   87	  192	  227	  289	    0	    0	  145	  153	  122	  149	  116	  183
    49 3.337405E-04 5.245455E-04 2.867580E-05   2	   63	  168	    0	    0	  265	  267
    50 3.567780E-04 2.819344E-04 4.526507E-04   5	   35	   42	   52	   90	  289	    0	    0	  271	  275	  256	  255	  223
    51 5.202117E-04 6.709629E-04 5.932893E-04   7	    1	   26	   33	  106	  156	  328	  381	    0	    0	  331	  310	  367	  337	  342	  374	  328
    52 3.964390E-04 3.270425E-04 5.029810E-04   7	    8	   19	   35	   37	   50	   79	  116	    0	    0	  306	  263	  292	  274	  256	  686	  278
    53 4.611731E-04 5.752602E-04 7.470282E-04   9	   26	   36	   38	  172	  210	  212	  238	  322	  399	    0	    0	  293	  279	  305	  386	  332	  294	  346	  295	  371
    54 2.062669E-04 1.226475E-04 6.758282E-04   4	   41	   83	  195	  250	    0	    0	  625	  131	  164	  212
    55 2.924745E-04 2.072814E-04 2.321393E-05   3	  185	  215	  285	    0	    0	  226	  194	  260
    56 5.015580E-05 8.699042E-04 4.976558E-04   4	   -1	   17	   18	  335	    1	    0	   25	   87	   48	   54
    57 7.028395E-05 6.696763E-04 4.410493E-04   5	   -1	   17	   24	   44	  130	    1	    0	   20	   86	   60	   50	   46
    58 8.936750E-04 3.381958E-05 5.093506E-04   5	    0	    3	   98	  160	  260	    0	    1	  604	  523	  494	  559	  553
    59 3.773466E-04 7.780270E-04 7.123842E-04   6	   38	   77	  105	  111	  112	  183	    0	    0	  280	  250	  282	  235	  257	  314
    60 9.851988E-05 8.732279E-04 2.119292E-04   2	   18	  119	    0	    0	   58	   97
    61 2.910787E-04 1.093250E-04 8.233642E-04   3	   66	  127	  360	    0	    0	  189	  196	  641
    62 8.429463E-04 5.784306E-04 6.228842E-04   4	   43	   45	  197	  274	    0	    0	  689	  536	  539	  561
    63 4.531472E-04 5.415248E-04 4.145630E-05   4	   49	   85	  121	  168	    0	    0	  265	  281	  358	  287
    64 1.810727E-05 1.490677E-04 8.474475E-05   4	   -1	   15	  122	  206	    1	    0	    4	  637	   53	   74
    65 8.511297E-06 3.472242E-04 4.146408E-05   2	   -1	   28	    1	    0	    2	   62
    66 1.274334E-04 1.414138E-04 8.938040E-04   6	   61	   96	  184	  246	  287	  394	    0	    0	  189	  108	   96	  105	  623	  107
    67 7.396165E-04 5.786350E-04 3.093348E-04   5	    2	    5	  149	  155	  254	    0	    0	  470	  462	  459	  485	  517
    68 9.146900E-04 2.958387E-04 1.905582E-04   3	    0	   74	  209	    0	    1	  586	  548	  518
    69 3.378324E-04 8.938097E-04 4.265351E-04   2	    1	  256	    0	    0	  259	  284
    70 2.635926E-05 6.609317E-04 2.735744E-04   3	   -1	  130	  141	    1	    0	   11	   44	   63
    71 7.535044E-04 7.033867E-04 7.768242E-04   7	   45	   84	   89	  162	  172	  193	  304	    0	    0	  479	  691	  444	  454	  432	  510	  477
    72 3.991703E-04 8.144422E-04 8.650440E-04   4	   38	  105	  231	  352	    0	    0	  276	  283	  241	  286
    73 9.730360E-05 4.564461E-04 4.224758E-04   4	   24	   93	  140	  311	    0	    0	   84	   95	   83	  657
    74 9.146900E-04 2.814424E-04 1.193861E-04   4	    0	   68	  108	  298	    0	    1	  583	  548	  571	  673
    75 1.372267E-04 6.467905E-04 5.936986E-04   5	    1	    6	   17	   24	  110	    0	    0	  159	  156	  154	   99	  120
    76 2.268184E-04 8.937739E-04 7.231958E-04   4	    6	   12	  111	  202	    0	    0	  179	  146	  200	  155
    77 3.523821E-04 7.041898E-04 7.135301E-04   5	    6	   26	   38	   59	  400	    0	    0	  246	  264	  254	  250	  217
    78 5.841747E-04 7.784045E-04 4.018849E-04   7	    4	    9	  137	  149	  156	  256	  288	    0	    0	  364	  445	  415	  417	  355	  394	  405
    79 4.780340E-04 5.516729E-04 3.349914E-04   5	    1	    5	    7	    8	   52	    0	    0	  317	  390	  312	  330	  686
    80 7.995126E-04 3.095958E-04 8.939301E-04   3	  115	  201	  302	    0	    0	  513	  478	  525
    81 4.742192E-04 2.016468E-05 6.534997E-04   1	  248	    0	    0	  357
    82 4.009242E-04 8.671555E-04 3.532111E-05   4	  128	  174	  180	  211	    0	    0	  268	  288	  251	  242
    83 3.461129E-05 1.999258E-05 5.590230E-04   4	   -1	   40	   54	  169	    1	    0	   28	   42	  131	   43
    84 7.281906E-04 8.098270E-04 6.801642E-04   5	   33	   71	  107	  193	  271	    0	    0	  438	  691	  469	  484	  497
    85 4.303032E-04 4.031644E-04 3.708941E-05   2	   14	   63	    0	    0	  320	  281
    86 9.007277E-04 8.961786E-04 3.558048E-04   3	    0	   39	  372	    0	    1	  597	  545	  682
    87 1.370193E-04 1.523208E-04 3.746238E-04   6	   20	   41	   46	   48	  147	  189	    0	    0	  681	  148	  119	  122	  178	   98
    88 3.121579E-05 4.116429E-05 3.086833E-04   5	   -1	   15	   20	  189	  245	    1	    0	   13	   75	   57	   68	  634
    89 6.025058E-04 7.571669E-04 8.639695E-04   3	   71	  157	  172	    0	    0	  444	  418	  414
    90 3.454814E-04 3.014923E-04 3.253206E-04   7	   37	   50	  131	  158	  159	  166	  310	    0	    0	  245	  255	  221	  234	  222	  248	  230
    91 6.128769E-04 7.690054E-04 1.204964E-04   5	    4	    7	  104	  220	  242	    0	    0	  392	  361	  397	  426	  433
    92 7.163580E-05 6.444358E-04 8.663958E-04   5	   -1	  179	  244	  261	  293	    1	    0	   35	   70	  137	   90	   81
    93 1.091944E-04 4.693309E-04 5.704552E-04   4	   24	   73	  151	  390	    0	    0	   77	   95	  150	   79
    94 2.278501E-04 3.000797E-04 6.171782E-04   4	   19	   31	  138	  151	    0	    0	  197	  168	  198	  163
    95 7.389910E-04 1.112673E-04 6.294782E-05   4	  100	  108	  135	  253	    0	    0	  675	  502	  451	  633
    96 8.296265E-05 2.380700E-04 8.968476E-04   5	   -1	   66	  118	  153	  184	    1	    0	   40	  108	  130	   92	   67
    97 8.317438E-04 2.709062E-04 2.808620E-04   2	  164	  182	    0	    0	  557	  503
    98 7.746300E-04 8.043114E-05 6.753817E-04   4	   58	  115	  154	  219	    0	    0	  494	  516	  491	  481
    99 6.713331E-04 2.134180E-04 7.498060E-04   2	  115	  224	    0	    0	  482	  468
   100 6.142082E-04 1.951100E-04 1.991545E-04   6	   14	   95	  125	  182	  306	  338	    0	    0	  648	  675	  384	  453	  425	  466
   101 4.492053E-04 1.807905E-04 1.158507E-04   2	  125	  191	    0	    0	  326	  299
   102 5.333842E-04 4.605244E-04 1.977113E-04   4	    2	    7	   14	  177	    0	    0	  408	  373	  676	  321
   103 1.953089E-04 8.527358E-04 3.286633E-04   6	   27	  114	  130	  148	  180	  283	    0	    0	  140	  204	  114	  115	  679	  162
   104 6.605153E-04 8.520042E-04 6.356218E-05   4	   11	   91	  136	  152	    0	    0	  449	  397	  375	  382
   105 4.354242E-04 7.589242E-04 7.801523E-04   3	   38	   59	   72	    0	    0	  291	  282	  283
   106 4.890883E-04 5.456637E-04 5.386541E-04   5	   26	   51	  146	  150	  312	    0	    0	  313	  337	  340	  659	  333
   107 7.911442E-04 8.966905E-04 6.398523E-04   4	   39	   84	  237	  300	    0	    0	  524	  469	  467	  690
   108 8.989594E-04 1.780768E-04 9.111879E-05   5	    0	   74	   95	  332	  337	    0	    1	  582	  571	  502	  629	  538
   109 1.521454E-04 7.690683E-04 1.054132E-04   3	  114	  119	  144	    0	    0	  176	  127	  126
   110 1.876207E-04 4.879420E-04 6.820943E-04   6	   16	   19	   24	   36	   75	  244	    0	    0	  175	  184	  117	  192	  120	  169
   111 2.648842E-04 8.363589E-04 8.019558E-04   4	   59	   76	  202	  231	    0	    0	  235	  200	  186	  218
   112 3.318395E-04 8.976331E-04 6.740193E-04   3	    6	   59	  187	    0	    0	  232	  257	  266
   113 6.838158E-04 4.070253E-04 6.924068E-04   8	    9	   13	   45	  143	  162	  197	  217	  236	    0	    0	  464	  506	  440	  435	  439	  500	  399	  413
   114 3.042642E-04 7.500100E-04 1.861242E-04   5	    1	  103	  109	  128	  180	    0	    0	  219	  204	  176	  233	  229
   115 8.072787E-04 1.906655E-04 7.733158E-04   8	   30	   80	   98	   99	  154	  224	  363	  364	    0	    0	  546	  513	  516	  482	  512	  501	  631	  632
   116 3.616158E-04 4.603738E-04 4.671696E-04   2	   19	   52	    0	    0	  238	  278
   117 8.327189E-04 3.442128E-04 4.608126E-04   3	    3	    5	   23	    0	    0	  521	  509	  566
   118 1.301055E-04 3.772958E-04 8.970057E-04   4	   16	   96	  153	  257	    0	    0	  170	  130	  100	  125
   119 1.209963E-04 8.973872E-04 9.586082E-05   3	   60	  109	  144	    0	    0	   97	  127	  118
   120 2.934836E-04 2.655440E-04 8.989168E-04   2	  126	  334	    0	    0	  277	  695
   121 6.416553E-04 5.449672E-04 1.642711E-05   3	    2	   63	  220	    0	    0	  407	  358	  385
   122 2.182585E-05 1.636246E-05 7.910790E-05   2	   -1	   64	    1	    0	    6	   53
   123 4.688811E-05 2.452399E-04 5.529238E-04   5	   -1	  192	  221	  227	  368	    1	    0	   26	  101	  642	   69	  639
   124 1.790000E-06 8.979968E-04 8.574100E-04   3	   -1	   21	  142	    1	    0	   33	   51	   49
   125 5.333842E-04 1.767726E-04 2.089088E-04   4	    8	   10	  100	  101	    0	    0	  645	  635	  384	  326
   126 4.773409E-04 2.599994E-04 8.867458E-04   6	   32	  120	  178	  228	  294	  329	    0	    0	  365	  277	  334	  347	  308	  692
   127 3.092198E-04 1.713938E-05 7.925452E-04   2	   61	  375	    0	    0	  196	  324
   128 3.436442E-04 7.037683E-04 4.615401E-05   4	   82	  114	  168	  330	    0	    0	  268	  233	  262	  270
   129 1.879504E-04 3.034429E-04 7.673637E-05   4	   15	  185	  200	  215	    0	    0	  135	  181	  173	  166
   130 4.845246E-05 7.159642E-04 3.387707E-04   5	   -1	   57	   70	  103	  148	    1	    0	   18	   46	   44	  114	   52
   131 2.165817E-04 2.962827E-04 3.380906E-04   5	   46	   90	  158	  159	  310	    0	    0	  152	  221	  199	  167	  209
   132 3.901842E-04 1.624038E-05 1.416491E-04   2	   10	  171	    0	    0	  309	  243
   133 7.156225E-04 8.663958E-04 3.244319E-04   2	  263	  347	    0	    0	  458	  483
   134 4.351137E-04 6.082420E-05 4.387775E-04   3	  198	  248	  249	    0	    0	  285	  327	  349
   135 6.573507E-04 5.178675E-05 1.626471E-05   4	   95	  205	  225	  306	    0	    0	  451	  455	  402	  628
   136 5.210173E-04 7.929620E-04 1.647226E-05   3	    7	  104	  152	    0	    0	  353	  375	  372
   137 6.537718E-04 6.597786E-04 3.883174E-04   3	   78	  149	  288	    0	    0	  415	  423	  412
   138 3.056504E-04 1.991178E-04 6.348976E-04   3	   35	   94	  176	    0	    0	  253	  198	  297
   139 1.790000E-06 4.063300E-04 3.138732E-04   4	   -1	   44	   46	  140	    1	    0	   15	  655	   73	   59
   140 3.941580E-05 3.530647E-04 4.546242E-04   5	   -1	   46	   73	  139	  227	    1	    0	   24	   85	   83	   59	   76
   141 8.300191E-06 6.003641E-04 1.238107E-04   5	   -1	   70	  284	  286	  395	    1	    0	    7	   63	   56	   71	  660
   142 1.790000E-06 8.405947E-04 9.000258E-04   2	   -1	  124	    1	    0	   39	   49
   143 6.694242E-04 3.616158E-04 7.786805E-04   5	   45	  113	  201	  233	  234	    0	    0	  474	  435	  448	  442	  427
   144 1.411860E-04 8.091158E-04 1.647590E-05   2	  109	  119	    0	    0	  126	  118
   145 5.919487E-04 5.847162E-04 8.425632E-04   6	   45	  172	  203	  210	  262	  304	    0	    0	  441	  661	  388	  368	  393	  420
   146 4.922601E-04 4.778992E-04 5.656758E-04   4	    8	   19	  106	  150	    0	    0	  653	  296	  340	  344
   147 2.470558E-04 1.871452E-04 2.268011E-04   6	   15	   20	   29	   87	  159	  266	    0	    0	  174	  177	  210	  178	  195	  220
   148 1.790000E-06 7.930958E-04 3.380074E-04   4	   -1	   18	  103	  130	    1	    0	   17	   45	  115	   52
   149 6.611133E-04 6.327300E-04 3.042642E-04   4	    4	   67	   78	  137	    0	    0	  411	  459	  417	  423
   150 4.877959E-04 4.712334E-04 6.668333E-04   5	  106	  146	  238	  259	  314	    0	    0	  659	  344	  345	  329	  377
   151 1.618038E-04 3.318515E-04 6.101704E-04   4	   31	   93	   94	  192	    0	    0	  143	  150	  163	  160
   152 5.938926E-04 8.854435E-04 1.064861E-04   2	  104	  136	    0	    0	  382	  372
   153 4.388731E-05 3.272786E-04 8.258068E-04   6	   -1	   31	   96	  118	  292	  370	    1	    0	   37	   89	   92	  100	   78	  698
   154 7.967252E-04 1.494747E-04 6.746896E-04   3	   98	  115	  260	    0	    0	  491	  512	  527
   155 7.919570E-04 6.472146E-04 3.158217E-04   5	   39	   67	  213	  226	  258	    0	    0	  514	  485	  544	  496	  684
   156 5.285039E-04 8.376842E-04 5.262242E-04   7	    1	   51	   78	  163	  256	  328	  345	    0	    0	  339	  342	  355	  354	  341	  369	  391
   157 6.565657E-04 8.707143E-04 8.718223E-04   1	   89	    0	    0	  418
   158 2.886747E-04 4.063474E-04 3.142606E-04   7	    1	   19	   37	   90	  131	  159	  199	    0	    0	  211	  652	  236	  234	  199	  205	  228
   159 2.453269E-04 2.625301E-04 3.042642E-04   5	   90	  131	  147	  158	  185	    0	    0	  222	  167	  195	  205	  182
   160 8.721278E-04 2.786302E-05 4.180684E-04   5	    0	    3	   58	  170	  240	    0	    1	  602	  542	  559	  530	  549
   161 9.146900E-04 1.308753E-04 9.001525E-04   2	    0	  165	    0	    1	  619	  627
   162 7.003751E-04 6.105797E-04 6.707009E-04   3	    9	   71	  113	    0	    0	  461	  454	  439
   163 5.284345E-04 9.005988E-04 5.996674E-04   3	   33	  156	  167	    0	    0	  378	  354	  338
   164 9.146900E-04 3.336438E-04 3.380105E-04   3	    0	   23	   97	    0	    1	  593	  573	  557
   165 9.117687E-04 5.671960E-05 8.169571E-04   4	    0	  161	  267	  320	    0	    1	  616	  627	  555	  540
   166 3.901842E-04 2.705959E-04 2.935242E-04   3	   42	   90	  266	    0	    0	  289	  248	  261
   167 4.677927E-04 8.955770E-04 6.319888E-04   3	  163	  183	  187	    0	    0	  338	  319	  307
   168 3.953326E-04 6.503883E-04 1.551070E-05   4	   49	   63	  128	  330	    0	    0	  267	  287	  262	  663
   169 1.205657E-05 1.017316E-04 6.172455E-04   3	   -1	   83	  221	    1	    0	   30	   43	   65
   170 7.885418E-04 2.734129E-05 3.400642E-04   5	    3	  160	  276	  339	  377	    0	    0	  504	  530	  476	  490	  522
   171 2.590525E-04 3.031399E-05 9.845305E-05   3	   20	  132	  321	    0	    0	  185	  243	  225
   172 6.173128E-04 6.818701E-04 7.321063E-04   5	   33	   53	   71	   89	  145	    0	    0	  400	  386	  432	  414	  661
   173 7.872420E-05 6.551758E-04 4.650420E-05   3	   -1	  286	  333	    1	    0	    3	   82	  144
   174 4.210319E-04 9.007507E-04 1.622663E-04   4	    4	   82	  180	  308	    0	    0	  322	  288	  269	  668
   175 8.896300E-04 6.929762E-04 1.842566E-04   4	    0	  218	  226	  269	    0	    1	  585	  662	  535	  556
   176 4.772252E-04 1.811688E-04 5.990341E-04   5	   34	   35	  138	  249	  265	    0	    0	  343	  302	  297	  687	  350
   177 3.998780E-04 4.389303E-04 2.347683E-04   2	   37	  102	    0	    0	  273	  321
   178 5.347251E-04 3.807505E-04 9.010871E-04   5	  126	  216	  234	  262	  294	    0	    0	  334	  396	  360	  381	  693
   179 1.790000E-06 4.712049E-04 7.881812E-04   4	   -1	   92	  257	  318	    1	    0	   34	   70	   91	  696
   180 3.239914E-04 8.807158E-04 1.800444E-04   4	   82	  103	  114	  174	    0	    0	  251	  679	  229	  269
   181 6.658442E-04 1.370737E-04 2.597068E-04   3	  194	  196	  306	    0	    0	  465	  457	  437
   182 7.222066E-04 2.778959E-04 2.516551E-04   5	    5	   97	  100	  196	  209	    0	    0	  429	  503	  453	  473	  489
   183 4.895058E-04 8.539914E-04 7.036001E-04   5	   33	   59	  167	  187	  278	    0	    0	  362	  314	  319	  311	  669
   184 2.685848E-05 1.915397E-04 8.241809E-04   3	   -1	   66	   96	    1	    0	   36	   96	   67
   185 2.731376E-04 3.125195E-04 1.199306E-04   5	   55	  129	  159	  199	  252	    0	    0	  226	  181	  182	  207	  190
   186 5.423617E-04 1.704799E-04 7.212489E-04   3	   34	   47	  228	    0	    0	  370	  401	  636
   187 4.052120E-04 9.031879E-04 6.444358E-04   3	  112	  167	  183	    0	    0	  266	  307	  311
   188 8.842242E-04 4.331442E-04 1.347997E-05   3	    0	    2	  298	    0	    1	  578	  534	  564
   189 7.460309E-05 8.001393E-05 3.466707E-04   5	   20	   87	   88	  245	  305	    0	    0	   94	   98	   68	   64	  111
   190 8.595395E-04 8.533479E-04 2.162044E-04   3	  241	  269	  277	    0	    0	  569	  531	  551
   191 4.201905E-04 3.286523E-04 1.679188E-04   2	  101	  397	    0	    0	  299	  651
   192 1.298295E-04 2.589256E-04 5.864386E-04   5	   31	   48	  123	  151	  221	    0	    0	  123	  149	  101	  160	  104
   193 7.969716E-04 7.375158E-04 6.359747E-04   3	    9	   71	   84	    0	    0	  487	  510	  484
   194 7.345189E-04 1.342608E-04 2.515578E-04   2	  181	  196	    0	    0	  465	  472
   195 1.521414E-04 1.813220E-04 7.394765E-04   3	   31	   54	  323	    0	    0	  136	  164	  109
   196 7.533410E-04 1.871622E-04 2.920158E-04   4	    3	  181	  182	  194	    0	    0	  480	  457	  473	  472
   197 8.566248E-04 4.951013E-04 6.532377E-04   4	    0	   13	   62	  113	    0	    1	  611	  515	  539	  500
   198 3.881027E-04 1.342487E-05 4.234969E-04   2	   29	  134	    0	    0	  683	  285
   199 3.034320E-04 3.948541E-04 2.048309E-04   4	    1	  158	  185	  252	    0	    0	  227	  228	  207	  203
   200 1.969358E-04 3.812804E-04 1.897264E-05   3	    1	   28	  129	    0	    0	  215	  124	  173
   201 7.031953E-04 3.552711E-04 8.568114E-04   4	   80	  143	  233	  309	    0	    0	  478	  448	  443	  447
   202 1.551097E-04 8.240768E-04 7.792003E-04   5	   12	   76	  111	  316	  349	    0	    0	  147	  155	  186	  666	  667
   203 5.629235E-04 6.292131E-04 9.030594E-04   3	  145	  210	  304	    0	    0	  388	  352	  409
   204 6.103900E-04 1.748107E-04 8.958603E-04   3	   32	  216	  361	    0	    0	  389	  422	  638
   205 7.302842E-04 1.367971E-05 8.230420E-05   2	  135	  301	    0	    0	  455	  492
   206 7.757572E-05 1.002758E-04 1.304151E-05   2	   64	  319	    0	    0	   74	  103
   207 6.909042E-04 8.946420E-05 9.038991E-04   1	   47	    0	    0	  428
   208 9.146900E-04 9.032241E-04 9.020250E-04   2	    0	  273	    0	    1	  621	  570
   209 8.136709E-04 3.156478E-04 5.667516E-05   5	    2	   68	  182	  338	  387	    0	    0	  488	  518	  489	  475	  498
   210 5.154842E-04 5.875316E-04 8.642127E-04   3	   53	  145	  203	    0	    0	  332	  368	  352
   211 3.053061E-04 8.609928E-04 1.354103E-05   1	   82	    0	    0	  242
   212 3.781514E-04 5.174622E-04 8.538108E-04   5	   16	   38	   53	  322	  325	    0	    0	  239	  258	  294	  656	  654
   213 8.834987E-04 6.306477E-04 2.583594E-04   5	    0	    2	  155	  218	  279	    0	    1	  590	  541	  544	  678	  572
   214 8.233642E-04 1.325091E-04 9.021242E-04   0	    0	    0
   215 2.076758E-04 2.426147E-04 1.392479E-05   3	   15	   55	  129	    0	    0	  134	  194	  166
   216 6.352856E-04 2.625253E-04 8.928182E-04   3	  178	  204	  234	    0	    0	  396	  422	  406
   217 5.572224E-04 4.292661E-04 7.348999E-04   2	  113	  238	    0	    0	  399	  363
   218 8.591642E-04 6.213504E-04 1.342453E-04   3	    2	  175	  213	    0	    0	  529	  662	  678
   219 7.204613E-04 4.650420E-05 7.355692E-04   2	   47	   98	    0	    0	  436	  481
   220 6.362206E-04 6.444358E-04 8.399123E-05   3	    7	   91	  121	    0	    0	  421	  426	  385
   221 6.454630E-05 1.610642E-04 5.906642E-04   3	  123	  169	  192	    0	    0	  642	   65	  104
   222 4.439558E-04 4.345557E-05 9.042683E-04   1	   32	    0	    0	  325
   223 8.648149E-04 1.974814E-04 2.312403E-04   1	  332	    0	    0	  543
   224 7.593891E-04 2.245912E-04 7.056361E-04   3	   99	  115	  239	    0	    0	  468	  501	  649
   225 5.820779E-04 5.191218E-05 7.805955E-05   2	  135	  340	    0	    0	  402	  622
   226 7.554158E-04 7.098924E-04 2.004442E-04   6	   39	  155	  175	  242	  269	  347	    0	    0	  511	  496	  535	  471	  519	  499
   227 7.481159E-05 2.971042E-04 5.035253E-04   3	   48	  123	  140	    0	    0	  116	   69	   76
   228 5.051105E-04 2.139177E-04 7.839842E-04   4	   47	  126	  186	  329	    0	    0	  630	  347	  636	  323
   229 9.146900E-04 8.588420E-05 2.386091E-04   3	    0	  240	  342	    0	    1	  588	  680	  574
   230 9.122914E-04 4.741884E-04 1.842342E-04   2	    0	    2	    0	    1	  587	  547
   231 2.919116E-04 8.681318E-04 8.572628E-04   2	   72	  111	    0	    0	  241	  218
   232 8.827958E-04 5.459334E-04 4.850901E-04   4	    0	    5	    9	   43	    0	    1	  606	  658	  688	  560
   233 6.457435E-04 4.428741E-04 8.403528E-04   4	   45	  143	  201	  309	    0	    0	  446	  442	  443	  697
   234 5.676096E-04 3.210440E-04 8.459071E-04   4	  143	  178	  216	  294	    0	    0	  427	  360	  406	  380
   235 1.376810E-04 6.749734E-04 6.818253E-04   3	   17	  293	  316	    0	    0	  132	  102	  157
   236 5.791077E-04 3.745392E-04 5.969989E-04   1	  113	    0	    0	  413
   237 6.960577E-04 9.044569E-04 6.711202E-04   2	   33	  107	    0	    0	  431	  467
   238 5.426283E-04 4.994130E-04 7.280122E-04   3	   53	  150	  217	    0	    0	  346	  345	  363
   239 7.893843E-04 3.205634E-04 7.385095E-04   3	   13	  224	  302	    0	    0	  505	  649	  532
   240 9.146900E-04 3.414631E-05 3.400642E-04   4	    0	  160	  229	  354	    0	    1	  596	  549	  680	  626
   241 9.146900E-04 8.853016E-04 1.453093E-04   3	    0	  190	  303	    0	    1	  584	  569	  575
   242 6.975221E-04 7.534118E-04 1.447751E-04   2	   91	  226	    0	    0	  433	  471
   243 3.126344E-04 3.635449E-04 9.044490E-04   2	   25	  325	    0	    0	  252	  247
   244 1.736367E-04 5.543266E-04 8.013483E-04   4	   16	   92	  110	  272	    0	    0	  180	  137	  169	  202
   245 1.234349E-05 1.452163E-04 3.671184E-04   3	   -1	   88	  189	    1	    0	   19	  634	   64
   246 9.130501E-05 8.946420E-05 8.618943E-04   3	   66	  287	  394	    0	    0	  105	  112	  694
   247 7.104074E-04 8.407182E-04 5.503115E-04   3	    9	  300	  315	    0	    0	  430	  463	  671
   248 5.620958E-04 1.100607E-05 5.316185E-04   3	   81	  134	  265	    0	    0	  357	  327	  366
   249 5.381584E-04 1.204446E-04 4.743543E-04   3	  134	  176	  265	    0	    0	  349	  687	  359
   250 2.984124E-04 5.550231E-05 5.925159E-04   1	   54	    0	    0	  212
   251 5.423480E-04 2.669114E-04 4.845757E-04   2	  270	  388	    0	    0	  356	  650
   252 2.005158E-04 3.723558E-04 1.702575E-04   3	   28	  185	  199	    0	    0	  138	  190	  203
   253 6.638601E-04 1.874461E-04 2.685641E-05   3	   95	  282	  338	    0	    0	  633	  424	  674
   254 8.592358E-04 5.163950E-04 3.556879E-04   4	    5	   23	   67	  258	    0	    0	  520	  552	  517	  550
   255 1.736160E-04 9.740486E-06 3.633845E-04   1	  305	    0	    0	  139
   256 4.832642E-04 8.886514E-04 4.260558E-04   4	    4	   69	   78	  156	    0	    0	  398	  284	  394	  341
   257 1.073642E-04 4.771716E-04 9.066818E-04   2	  118	  179	    0	    0	  125	   91
   258 8.681647E-04 5.783231E-04 4.021280E-04   4	    0	   43	  155	  254	    0	    1	  600	  558	  684	  550
   259 4.492824E-04 3.615442E-04 6.667723E-04   2	  150	  291	    0	    0	  329	  290
   260 8.527980E-04 1.704118E-04 5.825144E-04   3	   58	  154	  297	    0	    0	  553	  527	  643
   261 7.277849E-05 7.098612E-04 8.186600E-04   1	   92	    0	    0	   90
   262 5.842934E-04 4.511158E-04 9.064217E-04   2	  145	  178	    0	    0	  393	  381
   263 6.774902E-04 8.484242E-04 4.381691E-04   1	  133	    0	    0	  458
   264 4.530261E-04 1.626458E-04 4.081558E-04   3	   35	   42	  270	    0	    0	  303	  300	  644
   265 5.395366E-04 1.264709E-04 5.452033E-04   3	  176	  248	  249	    0	    0	  350	  366	  359
   266 3.281721E-04 2.119630E-04 2.302956E-04   2	  147	  166	    0	    0	  220	  261
   267 8.376842E-04 1.003868E-05 7.923444E-04   1	  165	    0	    0	  555
   268 1.790000E-06 1.224660E-04 4.474642E-04   2	   -1	   40	    1	    0	   21	  624
   269 8.816430E-04 8.014464E-04 2.812039E-04   6	    0	  175	  190	  226	  279	  347	    0	    1	  592	  556	  531	  519	  665	  508
   270 5.361352E-04 2.533109E-04 4.413435E-04   3	  251	  264	  317	    0	    0	  356	  644	  395
   271 7.625042E-04 9.042408E-04 7.940210E-04   2	   84	  273	    0	    0	  497	  537
   272 2.704608E-04 5.364552E-04 8.609801E-04   3	   16	   38	  244	    0	    0	  214	  231	  202
   273 9.011535E-04 9.072560E-04 8.353222E-04   3	    0	  208	  271	    0	    1	  617	  570	  537
   274 9.146900E-04 6.282911E-04 7.277296E-04   2	    0	   62	    0	    1	  614	  561
   275 6.955004E-04 3.402982E-05 5.998797E-04   1	  382	    0	    0	  452
   276 7.094146E-04 9.065240E-06 2.619157E-04   1	  170	    0	    0	  476
   277 8.934209E-04 9.062531E-04 2.475952E-04   3	    0	  190	  372	    0	    1	  591	  551	  670
   278 5.071784E-04 9.077487E-04 7.844373E-04   2	   33	  183	    0	    0	  379	  669
   279 9.114935E-04 6.930723E-04 2.981051E-04   4	    0	   39	  213	  269	    0	    1	  594	  565	  572	  665
   280 9.146900E-04 7.750700E-04 5.477042E-04   3	    0	   39	   43	    0	    1	  607	  568	  576
   281 9.146900E-04 5.077944E-04 3.759000E-05   1	    0	    0	    1	  580
   282 6.121442E-04 2.219242E-04 8.527492E-06   3	   14	  253	  296	    0	    0	  403	  424	  383
   283 2.076042E-04 7.231958E-04 3.339445E-04   2	    1	  103	    0	    0	  187	  162
   284 3.934420E-05 5.065751E-04 4.910969E-05   2	   -1	  141	    1	    0	    5	   56
   285 3.705362E-04 2.956036E-04 9.874454E-05   1	   55	    0	    0	  260
   286 8.074715E-05 6.180422E-04 8.800162E-05   2	  141	  173	    0	    0	   71	   82
   287 1.360758E-04 1.070420E-05 8.315711E-04   2	   66	  246	    0	    0	  623	  112
   288 5.504395E-04 6.200279E-04 4.063272E-04   3	    1	   78	  137	    0	    0	  348	  405	  412
   289 2.613758E-04 2.313751E-04 5.028160E-04   2	   48	   50	    0	    0	  183	  223
   290 9.057042E-04 8.076132E-04 8.949642E-04   2	    0	   22	    0	    1	  620	  562
   291 3.703315E-04 3.487807E-04 7.139931E-04   2	   25	  259	    0	    0	  272	  290
   292 7.163580E-05 2.505642E-04 7.899222E-04   2	   31	  153	    0	    0	  110	   78
   293 5.843532E-05 6.325258E-04 7.123842E-04   3	   -1	   92	  235	    1	    0	   32	   81	  102
   294 5.155558E-04 3.615442E-04 7.886245E-04   4	   25	  126	  178	  234	    0	    0	  315	  308	  693	  380
   295 6.576860E-04 8.348941E-05 3.866042E-04   1	    3	    0	    0	  460
   296 5.345805E-04 2.411210E-04 3.080392E-05   2	   14	  282	    0	    0	  646	  383
   297 9.121405E-04 2.266729E-04 5.785300E-04   4	    0	    3	   13	  260	    0	    1	  609	  567	  647	  643
   298 9.146900E-04 3.222358E-04 1.917015E-05   3	    0	   74	  188	    0	    1	  577	  673	  564
   299 1.777584E-04 5.821181E-04 1.636842E-04   0	    0	    0
   300 7.177963E-04 9.021958E-04 5.682153E-04   2	  107	  247	    0	    0	  690	  463
   301 7.865779E-04 7.277684E-05 1.790358E-04   2	  205	  339	    0	    0	  492	  486
   302 8.484242E-04 2.989300E-04 8.018842E-04   2	   80	  239	    0	    0	  525	  532
   303 9.146900E-04 8.868190E-04 7.697000E-05   2	    0	  241	    0	    1	  581	  575
   304 6.765842E-04 5.960755E-04 9.084743E-04   4	   45	   71	  145	  203	    0	    0	  699	  477	  420	  409
   305 1.241469E-04 5.631289E-05 3.629002E-04   2	  189	  255	    0	    0	  111	  139
   306 6.622642E-04 1.261795E-04 1.539042E-04   3	  100	  135	  181	    0	    0	  425	  628	  437
   307 4.447883E-04 7.595266E-04 1.449881E-04   3	    4	    7	  308	    0	    0	  335	  664	  298
   308 3.991831E-04 7.611017E-04 1.266194E-04   2	  174	  307	    0	    0	  668	  298
   309 6.714655E-04 4.304787E-04 8.967900E-04   2	  201	  233	    0	    0	  447	  697
   310 2.953500E-04 3.127468E-04 3.901842E-04   3	   19	   90	  131	    0	    0	  216	  230	  209
   311 1.082216E-04 4.832642E-04 2.864358E-04   2	   28	   73	    0	    0	  106	  657
   312 4.731289E-04 5.784359E-04 4.654358E-04   2	    8	  106	    0	    0	  336	  333
   313 8.321276E-04 8.862675E-04 1.631224E-04   0	    0	    0
   314 6.390204E-04 4.940758E-04 5.835042E-04   2	    9	  150	    0	    0	  416	  377
   315 7.190234E-04 9.081546E-04 4.633773E-04   1	  247	    0	    0	  671
   316 1.457760E-04 7.718721E-04 7.267042E-04   3	   12	  202	  235	    0	    0	  129	  666	  157
   317 6.029805E-04 2.234485E-04 4.152442E-04   2	  270	  389	    0	    0	  395	  640
   318 1.790000E-06 4.975842E-04 8.888105E-04   2	   -1	  179	    1	    0	   38	  696
   319 7.617418E-05 7.195800E-06 5.933077E-06   2	  206	  348	    0	    0	  103	  121
   320 8.200625E-04 7.027991E-06 9.094508E-04   1	  165	    0	    0	  540
   321 3.057999E-04 1.002758E-04 1.017714E-04   1	  171	    0	    0	  225
   322 4.134982E-04 4.674723E-04 8.607067E-04   2	   53	  212	    0	    0	  295	  656
   323 1.201979E-04 5.189762E-05 7.252183E-04   2	  195	  331	    0	    0	  109	  151
   324 3.168331E-04 6.479442E-04 9.093558E-04   1	   38	    0	    0	  240
   325 3.284017E-04 4.331442E-04 9.105742E-04   2	  212	  243	    0	    0	  654	  247
   326 8.955371E-04 5.817498E-04 5.916060E-06   2	    2	  398	    0	    0	  528	  672
   327 1.790000E-06 7.778001E-04 1.503242E-04   2	   -1	  392	    1	    0	    9	   55
   328 5.584442E-04 7.660684E-04 5.794416E-04   3	   33	   51	  156	    0	    0	  387	  374	  369
   329 4.260558E-04 2.183442E-04 7.733158E-04   3	   25	  126	  228	    0	    0	  304	  692	  323
   330 3.917327E-04 6.742971E-04 1.259586E-04   3	    7	  128	  168	    0	    0	  677	  270	  663
   331 1.718042E-04 4.973935E-06 7.290568E-04   1	  323	    0	    0	  151
   332 8.297094E-04 1.449966E-04 1.861958E-04   2	  108	  223	    0	    0	  629	  543
   333 1.440538E-04 6.616502E-04 1.082496E-04   1	  173	    0	    0	  144
   334 3.022826E-04 2.661935E-04 8.218995E-04   1	  120	    0	    0	  695
   335 7.195800E-06 9.116646E-04 5.276433E-04   2	   -1	   56	    1	    0	   27	   54
   336 8.144514E-04 3.454700E-04 3.526300E-04   1	    5	    0	    0	  685
   337 8.520042E-04 1.553345E-04 4.444742E-05   1	  108	    0	    0	  538
   338 7.017158E-04 2.818561E-04 1.043590E-04   4	   14	  100	  209	  253	    0	    0	  450	  466	  475	  674
   339 7.535996E-04 5.015580E-05 2.484155E-04   2	  170	  301	    0	    0	  490	  486
   340 6.211240E-04 4.791589E-06 1.360758E-04   1	  225	    0	    0	  622
   341 1.790000E-06 8.649741E-04 4.821507E-06   1	   -1	    1	    0	    1
   342 9.146900E-04 7.124200E-06 2.276234E-04   2	    0	  229	    0	    1	  589	  574
   343 7.016442E-04 3.122868E-04 6.175361E-04   0	    0	    0
   344 7.925595E-04 6.865325E-04 1.593102E-04   1	    2	    0	    0	  495
   345 5.934469E-04 8.297320E-04 5.033971E-04   1	  156	    0	    0	  391
   346 7.294837E-04 6.157958E-04 1.790000E-06   0	    0	    0
   347 7.750650E-04 7.983042E-04 2.899442E-04   3	  133	  226	  269	    0	    0	  483	  499	  508
   348 1.342500E-04 5.724420E-05 5.373580E-05   2	  319	  393	    0	    0	  121	  158
   349 1.051800E-04 8.018842E-04 9.093558E-04   1	  202	    0	    0	  667
   350 7.607455E-04 1.790000E-06 8.864675E-04   0	    0	    0
   351 2.344900E-04 6.175387E-04 7.464298E-04   1	  376	    0	    0	  206
   352 3.902558E-04 9.146900E-04 8.335162E-04   1	   72	    0	    0	  286
   353 1.230918E-04 4.975842E-04 1.360758E-04   0	    0	    0
   354 9.146900E-04 1.324242E-04 3.357148E-04   2	    0	  240	    0	    1	  599	  626
   355 6.461940E-04 3.938358E-04 5.370358E-04   1	    5	    0	    0	  434
   356 1.002758E-04 3.472242E-04 5.765093E-04   0	    0	    0
   357 5.352100E-04 1.070420E-05 1.235121E-04   0	    0	    0
   358 1.253358E-04 8.985442E-04 8.054642E-04   1	   12	    0	    0	  133
   359 5.669685E-04 8.753100E-04 8.220578E-04   0	    0	    0
   360 3.168300E-04 2.183442E-04 8.233642E-04   1	   61	    0	    0	  641
   361 6.282901E-04 1.521481E-04 8.495836E-04   1	  204	    0	    0	  638
   362 7.003436E-04 8.853909E-04 8.645700E-04   0	    0	    0
   363 7.893899E-04 1.002042E-04 8.054642E-04   1	  115	    0	    0	  631
   364 7.576341E-04 1.241696E-04 8.047281E-04   1	  115	    0	    0	  632
   365 3.342707E-04 3.955900E-04 6.915013E-05   0	    0	    0
   366 4.349745E-04 3.461278E-04 2.494737E-04   0	    0	    0
   367 2.344901E-04 7.817772E-04 1.790000E-06   0	    0	    0
   368 4.070854E-05 1.485700E-04 5.101468E-04   1	  123	    0	    0	  639
   369 4.009958E-04 4.403042E-04 9.128642E-04   0	    0	    0
   370 1.790000E-06 3.562096E-04 9.057042E-04   2	   -1	  153	    1	    0	   41	  698
   371 9.128999E-05 8.878042E-04 9.128642E-04   0	    0	    0
   372 9.146900E-04 8.676882E-04 2.881848E-04   3	    0	   86	  277	    0	    1	  595	  682	  670
   373 4.689442E-04 6.676674E-04 9.146900E-04   0	    0	    0
   374 9.146900E-04 8.090442E-04 6.837442E-04   1	    0	    0	    1	  612
   375 4.881985E-04 4.116715E-05 7.374442E-04   1	  127	    0	    0	  324
   376 2.588940E-04 6.206712E-04 7.435120E-04   1	  351	    0	    0	  206
   377 8.180300E-04 5.548941E-05 2.559627E-04   1	  170	    0	    0	  522
   378 9.057042E-04 1.790000E-06 7.017158E-04   1	    0	    0	    1	  613
   379 6.390340E-04 8.588420E-05 3.204175E-04   0	    0	    0
   380 4.034312E-04 5.280401E-04 5.173055E-04   0	    0	    0
   381 4.564495E-04 6.819900E-04 5.166260E-04   1	   51	    0	    0	  328
   382 6.765842E-04 7.872420E-05 6.622642E-04   1	  275	    0	    0	  452
   383 6.461940E-04 1.790000E-06 3.221642E-04   0	    0	    0
   384 1.790358E-04 6.676814E-04 1.790000E-06   0	    0	    0
   385 9.146900E-04 4.414292E-04 8.269442E-04   1	    0	    0	    1	  618
   386 8.974722E-04 4.815123E-04 2.810326E-04   0	    0	    0
   387 7.743831E-04 3.454684E-04 1.790000E-06   1	  209	    0	    0	  498
   388 5.423739E-04 3.161300E-04 5.137142E-04   1	  251	    0	    0	  650
   389 5.799958E-04 1.807865E-04 3.920049E-04   1	  317	    0	    0	  640
   390 4.047500E-05 4.056362E-04 6.139545E-04   2	   31	   93	    0	    0	   66	   79
   391 2.255042E-04 6.791300E-04 1.521899E-04   1	    1	    0	    0	  201
   392 3.400854E-05 7.893900E-04 1.449900E-04   1	  327	    0	    0	   55
   393 1.807675E-04 5.906664E-05 6.554169E-05   1	  348	    0	    0	  158
   394 8.769974E-05 1.098836E-04 8.101745E-04   2	   66	  246	    0	    0	  107	  694
   395 1.790000E-06 5.083242E-04 2.201700E-04   2	   -1	  141	    1	    0	   12	  660
   396 2.409575E-04 8.144613E-04 2.754190E-05   0	    0	    0
   397 4.535579E-04 3.920100E-04 1.163528E-04   1	  191	    0	    0	  651
   398 8.932098E-04 6.253976E-04 3.934420E-05   1	  326	    0	    0	  672
   399 5.370358E-04 7.231242E-04 7.464336E-04   1	   53	    0	    0	  371
   400 2.595500E-04 7.314251E-04 7.321109E-04   1	   77	    0	    0	  217
   401 2.344900E-04 7.435380E-04 7.321100E-04   0	    0	    0
