     1 1.554094E-08 1.679526E-03 2.960118E-02 0.000000E+00
     2 1.677258E-08 1.182895E-03 3.073805E-02 0.000000E+00
     3 6.037734E-09 1.101105E-03 2.668445E-02 0.000000E+00
     4 6.896953E-09 1.063050E-03 3.924244E-02 0.000000E+00
     5 1.039984E-08 1.038009E-03 3.220871E-02 0.000000E+00
     6 8.915375E-09 1.002942E-03 3.254130E-02 0.000000E+00
     7 9.172234E-09 9.792720E-04 3.457601E-02 0.000000E+00
     8 9.405094E-09 9.784742E-04 3.285384E-02 0.000000E+00
     9 8.731875E-09 9.748712E-04 2.849982E-02 0.000000E+00
    10 3.429734E-09 9.738189E-04 4.365180E-02 0.000000E+00
    11 5.985391E-09 9.747530E-04 3.751590E-02 0.000000E+00
    12 5.201094E-09 9.605924E-04 3.785982E-02 0.000000E+00
    13 6.338500E-09 9.532194E-04 3.730208E-02 0.000000E+00
    14 4.838062E-09 9.462996E-04 4.021228E-02 0.000000E+00
    15 2.203344E-09 9.267524E-04 3.970317E-02 0.000000E+00
    16 4.871859E-09 9.222822E-04 3.968632E-02 0.000000E+00
    17 1.122828E-09 9.128591E-04 6.152441E-02 0.000000E+00
    18 5.072703E-09 9.157957E-04 3.612992E-02 0.000000E+00
    19 3.941016E-09 8.997161E-04 4.129609E-02 0.000000E+00
    20 5.527687E-09 9.110648E-04 3.453693E-02 0.000000E+00
    21 1.308187E-09 9.032738E-04 5.511827E-02 0.000000E+00
    22 3.623469E-09 8.992753E-04 3.989971E-02 0.000000E+00
    23 4.989531E-09 9.024753E-04 3.898050E-02 0.000000E+00
    24 1.781391E-09 9.003590E-04 4.452073E-02 0.000000E+00
    25 5.256375E-09 8.974442E-04 3.589936E-02 0.000000E+00
    26 6.354266E-09 8.899541E-04 3.275458E-02 0.000000E+00
    27 6.731125E-09 8.923010E-04 3.196459E-02 0.000000E+00
    28 8.479406E-09 8.892000E-04 2.406619E-02 0.000000E+00
    29 1.134422E-09 8.863713E-04 5.400363E-02 0.000000E+00
    30 4.187656E-09 8.842062E-04 3.609654E-02 0.000000E+00
    31 3.168297E-09 8.879413E-04 3.091454E-02 0.000000E+00
    32 5.248031E-09 8.808524E-04 3.247739E-02 0.000000E+00
    33 6.100844E-09 8.858718E-04 3.395861E-02 0.000000E+00
    34 6.017906E-09 8.752434E-04 3.485070E-02 0.000000E+00
    35 5.833844E-09 8.773937E-04 3.616608E-02 0.000000E+00
    36 5.231656E-09 8.756408E-04 3.341603E-02 0.000000E+00
    37 4.526687E-09 8.745519E-04 3.811313E-02 0.000000E+00
    38 6.125766E-09 8.737784E-04 3.668464E-02 0.000000E+00
    39 5.575031E-09 8.751031E-04 3.083601E-02 0.000000E+00
    40 7.286281E-09 8.657227E-04 3.253171E-02 0.000000E+00
    41 3.733562E-09 8.600921E-04 3.865868E-02 0.000000E+00
    42 4.993906E-09 8.680950E-04 3.546749E-02 0.000000E+00
    43 3.909750E-09 8.676734E-04 4.124874E-02 0.000000E+00
    44 1.140047E-09 8.567536E-04 5.262459E-02 0.000000E+00
    45 2.384266E-09 8.606347E-04 3.084465E-02 0.000000E+00
    46 3.586187E-09 8.461160E-04 3.671498E-02 0.000000E+00
    47 4.406000E-09 8.489330E-04 3.479464E-02 0.000000E+00
    48 4.442000E-09 8.354113E-04 3.391015E-02 0.000000E+00
    49 9.956719E-10 8.431454E-04 5.464983E-02 0.000000E+00
    50 2.854047E-09 8.303426E-04 2.845341E-02 0.000000E+00
    51 3.595219E-09 8.376527E-04 3.003194E-02 0.000000E+00
    52 4.917391E-09 8.331224E-04 3.930473E-02 0.000000E+00
    53 3.642250E-09 8.279276E-04 3.676952E-02 0.000000E+00
    54 4.711297E-09 8.272202E-04 3.548018E-02 0.000000E+00
    55 4.437266E-09 8.260889E-04 3.116475E-02 0.000000E+00
    56 4.071906E-09 8.227248E-04 3.540897E-02 0.000000E+00
    57 3.703656E-09 8.162057E-04 3.636232E-02 0.000000E+00
    58 5.603812E-09 8.193725E-04 3.413100E-02 0.000000E+00
    59 4.335766E-09 8.185122E-04 3.063148E-02 0.000000E+00
    60 5.256281E-09 8.125123E-04 2.806981E-02 0.000000E+00
    61 4.031906E-09 8.174075E-04 3.864103E-02 0.000000E+00
    62 2.747391E-09 8.130230E-04 3.636921E-02 0.000000E+00
    63 3.103266E-09 8.136342E-04 3.061489E-02 0.000000E+00
    64 3.005641E-09 8.136019E-04 3.100493E-02 0.000000E+00
    65 3.027172E-09 8.061966E-04 3.877047E-02 0.000000E+00
    66 2.709187E-09 8.090691E-04 3.852614E-02 0.000000E+00
    67 6.744375E-09 8.099064E-04 3.444234E-02 0.000000E+00
    68 3.589016E-09 8.032598E-04 3.695959E-02 0.000000E+00
    69 1.222578E-09 8.017228E-04 3.844037E-02 0.000000E+00
    70 4.401500E-09 8.074848E-04 3.375122E-02 0.000000E+00
    71 3.607531E-09 8.082246E-04 2.958250E-02 0.000000E+00
    72 4.879953E-09 7.993602E-04 3.157383E-02 0.000000E+00
    73 3.132562E-09 8.073736E-04 3.884937E-02 0.000000E+00
    74 4.760922E-09 7.960273E-04 3.400746E-02 0.000000E+00
    75 3.763219E-09 8.028053E-04 3.338198E-02 0.000000E+00
    76 4.093703E-09 8.051697E-04 3.037236E-02 0.000000E+00
    77 4.345031E-09 7.946055E-04 3.452139E-02 0.000000E+00
    78 4.702047E-09 7.994326E-04 3.314333E-02 0.000000E+00
    79 3.578094E-09 8.002327E-04 3.701950E-02 0.000000E+00
    80 3.614937E-09 7.915069E-04 3.759564E-02 0.000000E+00
    81 5.077266E-09 7.853602E-04 3.169463E-02 0.000000E+00
    82 2.723609E-09 7.867104E-04 3.252121E-02 0.000000E+00
    83 5.079187E-09 7.889330E-04 3.492561E-02 0.000000E+00
    84 3.786375E-09 7.838498E-04 3.223049E-02 0.000000E+00
    85 3.924141E-09 7.844834E-04 3.259742E-02 0.000000E+00
    86 1.247203E-09 7.779300E-04 3.165194E-02 0.000000E+00
    87 3.211375E-09 7.860809E-04 3.807612E-02 0.000000E+00
    88 3.595000E-09 7.807168E-04 3.517128E-02 0.000000E+00
    89 2.548516E-09 7.790367E-04 3.960021E-02 0.000000E+00
    90 3.913125E-09 7.788780E-04 2.968511E-02 0.000000E+00
    91 4.983469E-09 7.806845E-04 2.979080E-02 0.000000E+00
    92 4.740375E-09 7.836771E-04 3.352261E-02 0.000000E+00
    93 1.573578E-09 7.782238E-04 2.832015E-02 0.000000E+00
    94 4.701750E-09 7.804830E-04 3.589904E-02 0.000000E+00
    95 1.719250E-09 7.787165E-04 3.698921E-02 0.000000E+00
    96 1.426766E-09 7.729610E-04 3.163644E-02 0.000000E+00
    97 2.666453E-09 7.790498E-04 3.861914E-02 0.000000E+00
    98 4.247125E-09 7.779380E-04 3.897740E-02 0.000000E+00
    99 2.584125E-09 7.705624E-04 2.776845E-02 0.000000E+00
   100 3.035656E-09 7.709350E-04 3.563144E-02 0.000000E+00
   101 3.280203E-09 7.780696E-04 3.812445E-02 0.000000E+00
   102 3.178516E-09 7.771343E-04 3.566198E-02 0.000000E+00
   103 1.890844E-09 7.711151E-04 3.915689E-02 0.000000E+00
   104 4.937203E-09 7.691659E-04 3.107235E-02 0.000000E+00
   105 2.818859E-09 7.740300E-04 3.312025E-02 0.000000E+00
   106 2.797406E-09 7.679122E-04 3.552593E-02 0.000000E+00
   107 2.097078E-09 7.665929E-04 3.206721E-02 0.000000E+00
   108 3.216203E-09 7.702326E-04 3.270312E-02 0.000000E+00
   109 3.377844E-09 7.688587E-04 3.146534E-02 0.000000E+00
   110 3.403328E-09 7.605119E-04 3.557065E-02 0.000000E+00
   111 2.250391E-09 7.648164E-04 4.010706E-02 0.000000E+00
   112 1.857156E-09 7.636378E-04 3.658600E-02 0.000000E+00
   113 7.074062E-10 7.611340E-04 3.867093E-02 0.000000E+00
   114 3.465094E-09 7.656649E-04 3.315160E-02 0.000000E+00
   115 4.071000E-09 7.587358E-04 2.984922E-02 0.000000E+00
   116 2.050141E-09 7.554904E-04 3.950164E-02 0.000000E+00
   117 4.133672E-09 7.568960E-04 3.887720E-02 0.000000E+00
   118 2.861672E-09 7.559630E-04 3.600255E-02 0.000000E+00
   119 2.661094E-09 7.567513E-04 3.587559E-02 0.000000E+00
   120 3.224516E-09 7.539788E-04 3.575230E-02 0.000000E+00
   121 1.913969E-09 7.593017E-04 3.145526E-02 0.000000E+00
   122 3.152812E-09 7.531367E-04 3.542569E-02 0.000000E+00
   123 2.785109E-09 7.580151E-04 3.617989E-02 0.000000E+00
   124 3.476422E-09 7.509776E-04 3.160069E-02 0.000000E+00
   125 3.422406E-09 7.529067E-04 3.478227E-02 0.000000E+00
   126 2.667562E-09 7.528087E-04 3.086416E-02 0.000000E+00
   127 1.560359E-09 7.481218E-04 4.276220E-02 0.000000E+00
   128 2.156687E-09 7.476692E-04 4.103852E-02 0.000000E+00
   129 2.406969E-09 7.459520E-04 3.355157E-02 0.000000E+00
   130 3.547297E-09 7.477487E-04 3.386512E-02 0.000000E+00
   131 2.984156E-09 7.441185E-04 3.497026E-02 0.000000E+00
   132 2.515578E-09 7.489847E-04 3.416781E-02 0.000000E+00
   133 3.356781E-09 7.466464E-04 3.095799E-02 0.000000E+00
   134 2.238750E-09 7.440977E-04 4.056063E-02 0.000000E+00
   135 2.956687E-09 7.425630E-04 3.789804E-02 0.000000E+00
   136 3.611953E-09 7.416211E-04 3.381569E-02 0.000000E+00
   137 2.042469E-09 7.405531E-04 3.915207E-02 0.000000E+00
   138 2.026500E-09 7.420022E-04 3.246725E-02 0.000000E+00
   139 2.010578E-09 7.438947E-04 2.559309E-02 0.000000E+00
   140 4.284469E-09 7.365793E-04 3.392584E-02 0.000000E+00
   141 3.746016E-09 7.381950E-04 3.237645E-02 0.000000E+00
   142 3.524734E-09 7.395312E-04 3.468526E-02 0.000000E+00
   143 4.647469E-09 7.476384E-04 3.278975E-02 0.000000E+00
   144 1.375719E-09 7.416531E-04 2.964002E-02 0.000000E+00
   145 3.529516E-09 7.409050E-04 3.573030E-02 0.000000E+00
   146 2.750109E-09 7.412375E-04 3.268733E-02 0.000000E+00
   147 1.655922E-09 7.297192E-04 3.487222E-02 0.000000E+00
   148 1.620859E-09 7.310240E-04 3.775498E-02 0.000000E+00
   149 3.107047E-09 7.362767E-04 3.469782E-02 0.000000E+00
   150 2.400422E-09 7.318343E-04 3.854844E-02 0.000000E+00
   151 4.043062E-09 7.310904E-04 3.288809E-02 0.000000E+00
   152 3.658719E-09 7.303340E-04 3.543034E-02 0.000000E+00
   153 3.726609E-09 7.311941E-04 3.271223E-02 0.000000E+00
   154 3.201734E-09 7.335186E-04 3.461389E-02 0.000000E+00
   155 2.517375E-09 7.253150E-04 3.284368E-02 0.000000E+00
   156 3.097328E-09 7.277566E-04 3.749475E-02 0.000000E+00
   157 3.697187E-09 7.317785E-04 3.625319E-02 0.000000E+00
   158 2.635094E-09 7.330673E-04 3.470391E-02 0.000000E+00
   159 3.859125E-09 7.242514E-04 3.073916E-02 0.000000E+00
   160 1.407328E-09 7.269814E-04 3.238472E-02 0.000000E+00
   161 2.370047E-09 7.270816E-04 3.728465E-02 0.000000E+00
   162 2.186125E-09 7.196307E-04 3.574028E-02 0.000000E+00
   163 2.574266E-09 7.256904E-04 4.431015E-02 0.000000E+00
   164 1.438641E-09 7.167479E-04 4.244093E-02 0.000000E+00
   165 1.940516E-09 7.285768E-04 4.353338E-02 0.000000E+00
   166 1.874219E-09 7.200808E-04 2.869822E-02 0.000000E+00
   167 1.081062E-09 7.159745E-04 3.250815E-02 0.000000E+00
   168 2.492469E-09 7.255929E-04 4.197664E-02 0.000000E+00
   169 1.275344E-09 7.254061E-04 4.312554E-02 0.000000E+00
   170 3.569641E-09 7.177571E-04 3.440901E-02 0.000000E+00
   171 2.111047E-09 7.155478E-04 3.588365E-02 0.000000E+00
   172 1.941250E-09 7.166098E-04 3.068615E-02 0.000000E+00
   173 3.171406E-09 7.204346E-04 2.819344E-02 0.000000E+00
   174 1.702609E-09 7.211119E-04 3.381054E-02 0.000000E+00
   175 1.991984E-09 7.201118E-04 4.142391E-02 0.000000E+00
   176 2.441437E-09 7.177395E-04 3.538470E-02 0.000000E+00
   177 2.265922E-09 7.132403E-04 3.589028E-02 0.000000E+00
   178 1.408078E-09 7.117487E-04 3.000827E-02 0.000000E+00
   179 2.299219E-09 7.132082E-04 3.820136E-02 0.000000E+00
   180 3.419531E-09 7.133875E-04 3.156966E-02 0.000000E+00
   181 2.852141E-09 7.173854E-04 2.963453E-02 0.000000E+00
   182 2.322156E-09 7.127677E-04 3.288859E-02 0.000000E+00
   183 2.555203E-09 7.114050E-04 3.074921E-02 0.000000E+00
   184 2.558750E-09 7.118373E-04 4.021131E-02 0.000000E+00
   185 1.535609E-09 7.064634E-04 2.288976E-02 0.000000E+00
   186 1.980781E-09 7.059551E-04 3.700006E-02 0.000000E+00
   187 3.257391E-09 7.034114E-04 3.130692E-02 0.000000E+00
   188 1.294625E-09 7.032017E-04 2.949337E-02 0.000000E+00
   189 3.681422E-09 7.086348E-04 3.413906E-02 0.000000E+00
   190 3.522625E-09 7.039761E-04 3.417820E-02 0.000000E+00
   191 1.276891E-09 7.057905E-04 3.969782E-02 0.000000E+00
   192 2.341984E-09 7.015557E-04 3.108279E-02 0.000000E+00
   193 1.003937E-09 7.018086E-04 3.932540E-02 0.000000E+00
   194 1.043797E-09 7.036113E-04 3.964258E-02 0.000000E+00
   195 1.949812E-09 7.080993E-04 3.512075E-02 0.000000E+00
   196 2.372484E-09 7.079540E-04 3.787820E-02 0.000000E+00
   197 2.661562E-09 7.025304E-04 3.465645E-02 0.000000E+00
   198 2.960687E-09 7.063506E-04 3.078703E-02 0.000000E+00
   199 1.901109E-09 7.032080E-04 3.288662E-02 0.000000E+00
   200 1.176344E-09 6.957179E-04 4.010837E-02 0.000000E+00
   201 2.712062E-09 7.037719E-04 3.263993E-02 0.000000E+00
   202 2.481750E-09 6.938793E-04 3.311027E-02 0.000000E+00
   203 3.225422E-09 6.986788E-04 3.132864E-02 0.000000E+00
   204 1.551734E-09 6.941043E-04 3.762666E-02 0.000000E+00
   205 1.956359E-09 6.950838E-04 3.751116E-02 0.000000E+00
   206 2.319266E-09 6.983956E-04 3.418586E-02 0.000000E+00
   207 4.695937E-10 6.930143E-04 5.827276E-02 0.000000E+00
   208 3.367000E-09 6.928113E-04 3.646509E-02 0.000000E+00
   209 2.392094E-09 6.921756E-04 3.159201E-02 0.000000E+00
   210 1.462234E-09 6.911109E-04 4.820736E-02 0.000000E+00
   211 1.452266E-09 7.010820E-04 3.390004E-02 0.000000E+00
   212 1.846391E-09 6.918970E-04 3.962600E-02 0.000000E+00
   213 1.661125E-09 6.978409E-04 3.632172E-02 0.000000E+00
   214 2.711906E-09 6.921119E-04 3.210333E-02 0.000000E+00
   215 1.917641E-09 6.932352E-04 3.570268E-02 0.000000E+00
   216 1.993625E-09 6.911477E-04 3.800579E-02 0.000000E+00
   217 1.537000E-09 6.982186E-04 3.585466E-02 0.000000E+00
   218 3.621562E-09 6.945937E-04 2.801382E-02 0.000000E+00
   219 2.422250E-09 6.951676E-04 3.627392E-02 0.000000E+00
   220 1.675672E-09 6.871692E-04 4.359181E-02 0.000000E+00
   221 2.359469E-09 6.945376E-04 3.422782E-02 0.000000E+00
   222 2.092016E-09 6.859951E-04 3.610283E-02 0.000000E+00
   223 5.696094E-10 6.879490E-04 4.903400E-02 0.000000E+00
   224 2.700797E-09 6.944153E-04 3.656507E-02 0.000000E+00
   225 1.698484E-09 6.866050E-04 3.911997E-02 0.000000E+00
   226 2.005891E-09 6.887706E-04 3.320538E-02 0.000000E+00
   227 7.324531E-10 6.872077E-04 3.756635E-02 0.000000E+00
   228 1.068250E-09 6.814086E-04 3.215988E-02 0.000000E+00
   229 2.705734E-09 6.823402E-04 3.811281E-02 0.000000E+00
   230 3.116766E-09 6.807135E-04 3.077408E-02 0.000000E+00
   231 3.228953E-09 6.890680E-04 3.862982E-02 0.000000E+00
   232 2.899453E-09 6.856282E-04 3.344519E-02 0.000000E+00
   233 1.799547E-09 6.911386E-04 3.557243E-02 0.000000E+00
   234 1.817234E-09 6.864130E-04 3.749111E-02 0.000000E+00
   235 3.004547E-09 6.802927E-04 4.456236E-02 0.000000E+00
   236 1.145453E-09 6.774426E-04 2.961133E-02 0.000000E+00
   237 2.814516E-09 6.833789E-04 3.395013E-02 0.000000E+00
   238 2.508375E-09 6.830212E-04 3.127567E-02 0.000000E+00
   239 1.860516E-09 6.863738E-04 4.008990E-02 0.000000E+00
   240 1.939594E-09 6.763705E-04 3.295222E-02 0.000000E+00
   241 1.657234E-09 6.760345E-04 4.214758E-02 0.000000E+00
   242 2.587000E-09 6.748203E-04 3.571082E-02 0.000000E+00
   243 3.484016E-09 6.763851E-04 3.135788E-02 0.000000E+00
   244 1.540016E-09 6.804048E-04 4.506621E-02 0.000000E+00
   245 3.998172E-09 6.794107E-04 2.772760E-02 0.000000E+00
   246 1.644703E-09 6.805641E-04 3.567052E-02 0.000000E+00
   247 1.875375E-09 6.706434E-04 3.775567E-02 0.000000E+00
   248 3.232062E-09 6.760553E-04 3.170249E-02 0.000000E+00
   249 1.036375E-09 6.776495E-04 4.623248E-02 0.000000E+00
   250 1.420219E-09 6.794240E-04 3.674596E-02 0.000000E+00
   251 2.015562E-09 6.724699E-04 3.780179E-02 0.000000E+00
   252 1.704750E-09 6.745427E-04 3.573943E-02 0.000000E+00
   253 2.181703E-09 6.848213E-04 3.462261E-02 0.000000E+00
   254 3.911969E-09 6.794611E-04 3.149860E-02 0.000000E+00
   255 2.754859E-09 6.706909E-04 3.380694E-02 0.000000E+00
   256 9.342969E-10 6.744626E-04 2.929601E-02 0.000000E+00
   257 1.744687E-09 6.738626E-04 3.339010E-02 0.000000E+00
   258 2.834641E-09 6.668433E-04 3.338795E-02 0.000000E+00
   259 3.119187E-09 6.754296E-04 3.159533E-02 0.000000E+00
   260 1.179750E-09 6.652814E-04 2.796465E-02 0.000000E+00
   261 2.407500E-09 6.753554E-04 3.089974E-02 0.000000E+00
   262 3.580359E-09 6.683939E-04 2.754612E-02 0.000000E+00
   263 2.077406E-09 6.766639E-04 3.496012E-02 0.000000E+00
   264 1.510766E-09 6.797851E-04 3.795532E-02 0.000000E+00
   265 2.105094E-09 6.746741E-04 3.052941E-02 0.000000E+00
   266 2.335703E-09 6.707971E-04 3.357204E-02 0.000000E+00
   267 1.556094E-09 6.758143E-04 3.977948E-02 0.000000E+00
   268 1.840453E-09 6.681527E-04 3.983604E-02 0.000000E+00
   269 2.875031E-09 6.761076E-04 3.203523E-02 0.000000E+00
   270 1.710078E-09 6.665614E-04 3.756202E-02 0.000000E+00
   271 2.407891E-09 6.740105E-04 3.594227E-02 0.000000E+00
   272 1.303516E-09 6.646028E-04 3.795350E-02 0.000000E+00
   273 1.791391E-09 6.747086E-04 3.731226E-02 0.000000E+00
   274 1.483328E-09 6.672790E-04 3.479706E-02 0.000000E+00
   275 1.773453E-09 6.660684E-04 3.503399E-02 0.000000E+00
   276 2.123078E-09 6.673747E-04 3.520304E-02 0.000000E+00
   277 2.411875E-09 6.696301E-04 3.021258E-02 0.000000E+00
   278 1.876984E-09 6.607887E-04 3.684252E-02 0.000000E+00
   279 2.681187E-09 6.672022E-04 3.153464E-02 0.000000E+00
   280 1.317547E-09 6.710529E-04 4.148029E-02 0.000000E+00
   281 2.631234E-09 6.684612E-04 2.828006E-02 0.000000E+00
   282 2.904453E-09 6.719914E-04 3.299751E-02 0.000000E+00
   283 2.071406E-09 6.605353E-04 2.896655E-02 0.000000E+00
   284 3.048891E-09 6.600516E-04 2.991760E-02 0.000000E+00
   285 2.297375E-09 6.653059E-04 3.109985E-02 0.000000E+00
   286 8.127969E-10 6.680260E-04 4.459622E-02 0.000000E+00
   287 2.556797E-09 6.609187E-04 3.627044E-02 0.000000E+00
   288 2.373172E-09 6.595799E-04 3.099495E-02 0.000000E+00
   289 1.832391E-09 6.623979E-04 3.701724E-02 0.000000E+00
   290 1.977219E-09 6.645056E-04 3.549915E-02 0.000000E+00
   291 2.161016E-09 6.635875E-04 3.505563E-02 0.000000E+00
   292 1.604672E-09 6.662382E-04 3.662924E-02 0.000000E+00
   293 1.563422E-09 6.578238E-04 4.325186E-02 0.000000E+00
   294 1.180328E-09 6.561108E-04 4.114022E-02 0.000000E+00
   295 2.527672E-09 6.558293E-04 3.394594E-02 0.000000E+00
   296 2.250500E-09 6.610703E-04 3.007625E-02 0.000000E+00
   297 2.078125E-09 6.581429E-04 4.235221E-02 0.000000E+00
   298 1.010906E-09 6.525671E-04 3.187191E-02 0.000000E+00
   299 2.279469E-09 6.519471E-04 3.319577E-02 0.000000E+00
   300 2.470141E-09 6.500316E-04 3.096850E-02 0.000000E+00
   301 2.043234E-09 6.544307E-04 3.789224E-02 0.000000E+00
   302 2.992391E-09 6.542540E-04 3.230302E-02 0.000000E+00
   303 2.185406E-09 7.047292E-04 2.917454E-02 0.000000E+00
   304 1.175781E-09 6.573378E-04 2.956627E-02 0.000000E+00
   305 1.888453E-09 6.515614E-04 3.775423E-02 0.000000E+00
   306 1.612391E-09 6.580786E-04 3.746746E-02 0.000000E+00
   307 1.675375E-09 6.570935E-04 3.547455E-02 0.000000E+00
   308 1.494703E-09 6.553271E-04 2.775501E-02 0.000000E+00
   309 1.521453E-09 6.514736E-04 4.071096E-02 0.000000E+00
   310 1.501328E-09 6.475305E-04 3.491989E-02 0.000000E+00
   311 2.926234E-09 6.548278E-04 3.265150E-02 0.000000E+00
   312 1.598625E-09 6.504633E-04 4.133296E-02 0.000000E+00
   313 1.864531E-09 6.491428E-04 3.897360E-02 0.000000E+00
   314 1.464375E-09 6.535685E-04 4.620393E-02 0.000000E+00
   315 1.893594E-09 6.511221E-04 3.614288E-02 0.000000E+00
   316 2.627391E-09 6.457108E-04 3.364542E-02 0.000000E+00
   317 1.561719E-09 6.524271E-04 3.826088E-02 0.000000E+00
   318 2.221000E-09 6.473251E-04 4.126181E-02 0.000000E+00
   319 1.267594E-09 6.526515E-04 3.522103E-02 0.000000E+00
   320 1.140250E-09 6.414490E-04 3.425306E-02 0.000000E+00
   321 1.564844E-09 6.435502E-04 3.943401E-02 0.000000E+00
   322 1.255516E-09 6.470115E-04 3.772043E-02 0.000000E+00
   323 1.329578E-09 6.406745E-04 2.609258E-02 0.000000E+00
   324 2.025453E-09 6.484733E-04 3.816354E-02 0.000000E+00
   325 1.626359E-09 6.474878E-04 3.570509E-02 0.000000E+00
   326 9.201719E-10 6.430595E-04 4.586551E-02 0.000000E+00
   327 2.096875E-09 6.476839E-04 4.357991E-02 0.000000E+00
   328 2.196703E-09 6.427672E-04 2.896326E-02 0.000000E+00
   329 1.245828E-09 6.429112E-04 3.478108E-02 0.000000E+00
   330 1.969516E-09 6.467579E-04 3.602096E-02 0.000000E+00
   331 1.595672E-09 6.399940E-04 3.254140E-02 0.000000E+00
   332 2.023203E-09 6.426466E-04 2.321859E-02 0.000000E+00
   333 2.754641E-09 6.492708E-04 3.399669E-02 0.000000E+00
   334 1.742062E-09 6.394196E-04 3.440133E-02 0.000000E+00
   335 9.954687E-10 6.416475E-04 4.265559E-02 0.000000E+00
   336 2.182344E-09 6.421930E-04 3.519414E-02 0.000000E+00
   337 1.918062E-09 6.474219E-04 3.589148E-02 0.000000E+00
   338 1.865437E-09 6.436806E-04 3.331193E-02 0.000000E+00
   339 1.275125E-09 6.436287E-04 3.613598E-02 0.000000E+00
   340 1.323937E-09 6.416197E-04 3.277356E-02 0.000000E+00
   341 2.167500E-09 6.373328E-04 3.284684E-02 0.000000E+00
   342 1.677297E-09 6.335077E-04 3.801673E-02 0.000000E+00
   343 9.636406E-10 6.440178E-04 4.614950E-02 0.000000E+00
   344 1.843328E-09 6.343193E-04 3.215357E-02 0.000000E+00
   345 2.536719E-09 6.385300E-04 3.609911E-02 0.000000E+00
   346 1.376141E-09 6.400975E-04 3.937550E-02 0.000000E+00
   347 1.496781E-09 6.349713E-04 3.340636E-02 0.000000E+00
   348 1.514531E-09 6.291410E-04 3.257550E-02 0.000000E+00
   349 1.956375E-09 6.351534E-04 3.852646E-02 0.000000E+00
   350 1.535094E-09 6.339041E-04 4.170948E-02 0.000000E+00
   351 1.183297E-09 6.363889E-04 3.506789E-02 0.000000E+00
   352 1.313562E-09 6.331564E-04 3.479159E-02 0.000000E+00
   353 2.266172E-09 6.354354E-04 3.716679E-02 0.000000E+00
   354 1.218328E-09 6.315806E-04 3.354811E-02 0.000000E+00
   355 1.274109E-09 6.326464E-04 3.884838E-02 0.000000E+00
   356 2.668531E-09 6.355094E-04 3.365895E-02 0.000000E+00
   357 6.482969E-10 6.265090E-04 4.126258E-02 0.000000E+00
   358 1.942156E-09 6.255291E-04 3.168791E-02 0.000000E+00
   359 2.017391E-09 6.364086E-04 3.356652E-02 0.000000E+00
   360 1.673234E-09 6.322584E-04 3.767746E-02 0.000000E+00
   361 1.342531E-09 6.328757E-04 3.849865E-02 0.000000E+00
   362 1.900031E-09 6.271064E-04 3.398409E-02 0.000000E+00
   363 1.405203E-09 6.298872E-04 3.181631E-02 0.000000E+00
   364 1.199016E-09 6.316174E-04 4.297621E-02 0.000000E+00
   365 1.674719E-09 6.265930E-04 3.747025E-02 0.000000E+00
   366 2.111078E-09 6.265332E-04 3.196590E-02 0.000000E+00
   367 1.788891E-09 6.300723E-04 3.853382E-02 0.000000E+00
   368 1.810437E-09 6.229772E-04 3.637434E-02 0.000000E+00
   369 1.787781E-09 6.232673E-04 3.500528E-02 0.000000E+00
   370 2.577547E-09 6.204703E-04 2.745842E-02 0.000000E+00
   371 1.320859E-09 6.259577E-04 3.452461E-02 0.000000E+00
   372 2.103828E-09 6.293998E-04 2.398094E-02 0.000000E+00
   373 2.184141E-09 6.219053E-04 2.783194E-02 0.000000E+00
   374 1.425500E-09 6.237425E-04 4.266874E-02 0.000000E+00
   375 1.943969E-09 6.204197E-04 3.493803E-02 0.000000E+00
   376 1.502281E-09 6.207149E-04 3.517395E-02 0.000000E+00
   377 2.034109E-09 6.246184E-04 3.899776E-02 0.000000E+00
   378 1.543453E-09 6.288092E-04 4.225484E-02 0.000000E+00
   379 1.864469E-09 6.178516E-04 3.297530E-02 0.000000E+00
   380 1.992406E-09 6.189197E-04 3.607940E-02 0.000000E+00
   381 1.913203E-09 6.237626E-04 3.065248E-02 0.000000E+00
   382 1.196609E-09 6.154408E-04 2.656679E-02 0.000000E+00
   383 1.349922E-09 6.233592E-04 3.257854E-02 0.000000E+00
   384 1.583453E-09 6.199352E-04 3.855118E-02 0.000000E+00
   385 1.506437E-09 6.224500E-04 3.978499E-02 0.000000E+00
   386 1.758453E-09 6.214610E-04 3.735898E-02 0.000000E+00
   387 1.152672E-09 6.142922E-04 3.221912E-02 0.000000E+00
   388 7.236875E-10 6.146779E-04 2.945090E-02 0.000000E+00
   389 4.872344E-10 6.130137E-04 3.973845E-02 0.000000E+00
   390 1.243797E-09 6.172725E-04 3.988400E-02 0.000000E+00
   391 1.210016E-09 6.101324E-04 4.637187E-02 0.000000E+00
   392 1.527062E-09 6.129869E-04 3.638775E-02 0.000000E+00
   393 1.952031E-09 6.111883E-04 3.488681E-02 0.000000E+00
   394 1.262937E-09 6.195361E-04 3.662986E-02 0.000000E+00
   395 2.011312E-09 6.065387E-04 3.317097E-02 0.000000E+00
   396 2.254266E-09 6.129293E-04 3.686207E-02 0.000000E+00
   397 1.230453E-09 6.092218E-04 4.821339E-02 0.000000E+00
   398 8.305937E-10 6.098361E-04 4.458430E-02 0.000000E+00
   399 1.309578E-09 6.143024E-04 4.503878E-02 0.000000E+00
   400 1.665109E-09 6.080037E-04 3.243372E-02 0.000000E+00
   401 1.371578E-09 6.070928E-04 3.286976E-02 0.000000E+00
   402 1.490531E-09 6.024266E-04 3.949671E-02 0.000000E+00
   403 1.924922E-09 6.107232E-04 3.699047E-02 0.000000E+00
   404 1.218828E-09 6.105704E-04 4.076377E-02 0.000000E+00
   405 1.905906E-09 6.130145E-04 3.261632E-02 0.000000E+00
   406 1.529641E-09 6.119303E-04 3.916042E-02 0.000000E+00
   407 1.098062E-09 6.055927E-04 4.208577E-02 0.000000E+00
   408 7.758750E-10 6.026670E-04 4.445375E-02 0.000000E+00
   409 1.567531E-09 6.056193E-04 4.093903E-02 0.000000E+00
   410 2.427719E-09 6.057127E-04 3.560803E-02 0.000000E+00
   411 1.526187E-09 6.098261E-04 3.736761E-02 0.000000E+00
   412 9.614844E-10 6.137515E-04 4.284988E-02 0.000000E+00
   413 6.480625E-10 6.051666E-04 3.178538E-02 0.000000E+00
   414 1.421094E-09 6.054029E-04 3.327159E-02 0.000000E+00
   415 1.850922E-09 6.109666E-04 3.149415E-02 0.000000E+00
   416 1.643297E-09 6.127034E-04 3.220446E-02 0.000000E+00
   417 2.096844E-09 6.055001E-04 3.344245E-02 0.000000E+00
   418 1.594609E-09 6.002730E-04 3.662945E-02 0.000000E+00
   419 1.422859E-09 6.036742E-04 3.957973E-02 0.000000E+00
   420 1.529516E-09 6.070598E-04 3.141936E-02 0.000000E+00
   421 1.752359E-09 6.535830E-04 3.008276E-02 0.000000E+00
   422 3.757969E-10 5.942293E-04 4.961731E-02 0.000000E+00
   423 2.993922E-09 6.063913E-04 2.883316E-02 0.000000E+00
   424 2.025719E-09 5.992103E-04 3.379389E-02 0.000000E+00
   425 1.400922E-09 6.044774E-04 3.979865E-02 0.000000E+00
   426 1.469266E-09 5.958112E-04 4.093657E-02 0.000000E+00
   427 1.520094E-09 6.022492E-04 2.833131E-02 0.000000E+00
   428 9.216875E-10 5.935424E-04 3.731181E-02 0.000000E+00
   429 1.569297E-09 5.998871E-04 3.832011E-02 0.000000E+00
   430 1.415344E-09 5.959308E-04 3.735929E-02 0.000000E+00
   431 5.220156E-10 5.952556E-04 3.459131E-02 0.000000E+00
   432 1.648719E-09 5.995192E-04 3.590902E-02 0.000000E+00
   433 2.081250E-09 6.035966E-04 3.238703E-02 0.000000E+00
   434 6.047656E-10 6.006889E-04 4.218995E-02 0.000000E+00
   435 8.031406E-10 5.963421E-04 2.774134E-02 0.000000E+00
   436 1.082781E-09 5.970465E-04 3.391593E-02 0.000000E+00
   437 1.645109E-09 5.966206E-04 3.517965E-02 0.000000E+00
   438 1.605703E-09 6.044026E-04 3.602362E-02 0.000000E+00
   439 1.523047E-09 5.913956E-04 3.670144E-02 0.000000E+00
   440 1.470828E-09 5.989700E-04 3.896826E-02 0.000000E+00
   441 1.259359E-09 6.035842E-04 3.364640E-02 0.000000E+00
   442 2.198312E-09 5.912340E-04 3.614149E-02 0.000000E+00
   443 1.368219E-09 5.950167E-04 3.377294E-02 0.000000E+00
   444 1.843516E-09 5.895891E-04 3.411167E-02 0.000000E+00
   445 1.834875E-09 6.127310E-04 3.272849E-02 0.000000E+00
   446 1.077297E-09 5.934879E-04 3.491295E-02 0.000000E+00
   447 1.169984E-09 5.939291E-04 3.084761E-02 0.000000E+00
   448 1.475484E-09 5.934521E-04 3.521164E-02 0.000000E+00
   449 6.014531E-10 6.006847E-04 4.064068E-02 0.000000E+00
   450 6.771875E-10 5.891713E-04 3.202071E-02 0.000000E+00
   451 1.902094E-09 5.915440E-04 3.124132E-02 0.000000E+00
   452 1.651844E-09 5.894320E-04 3.625188E-02 0.000000E+00
   453 1.662828E-09 5.862058E-04 3.510639E-02 0.000000E+00
   454 8.298594E-10 5.849062E-04 4.570540E-02 0.000000E+00
   455 8.618281E-10 5.870027E-04 4.266184E-02 0.000000E+00
   456 1.767141E-09 5.850604E-04 3.784561E-02 0.000000E+00
   457 8.524687E-10 5.919405E-04 3.876145E-02 0.000000E+00
   458 8.535312E-10 5.934709E-04 4.496046E-02 0.000000E+00
   459 1.257984E-09 5.922326E-04 3.614727E-02 0.000000E+00
   460 1.192531E-09 5.920502E-04 4.304747E-02 0.000000E+00
   461 1.415359E-09 5.912008E-04 3.994527E-02 0.000000E+00
   462 6.462344E-10 5.880492E-04 3.082846E-02 0.000000E+00
   463 1.608875E-09 5.809791E-04 3.627759E-02 0.000000E+00
   464 1.136047E-09 5.791862E-04 3.209354E-02 0.000000E+00
   465 2.635937E-09 5.851497E-04 3.110351E-02 0.000000E+00
   466 9.713594E-10 5.828468E-04 3.263393E-02 0.000000E+00
   467 1.348281E-09 5.911615E-04 4.165762E-02 0.000000E+00
   468 1.526562E-09 5.832365E-04 2.961579E-02 0.000000E+00
   469 1.620250E-09 5.840312E-04 4.081351E-02 0.000000E+00
   470 1.514969E-09 5.811460E-04 3.905903E-02 0.000000E+00
   471 9.436875E-10 5.792046E-04 3.528107E-02 0.000000E+00
   472 1.455953E-09 5.887598E-04 4.032607E-02 0.000000E+00
   473 9.433750E-10 5.866503E-04 4.117548E-02 0.000000E+00
   474 1.407875E-09 5.872595E-04 3.595071E-02 0.000000E+00
   475 1.149000E-09 5.816238E-04 3.541161E-02 0.000000E+00
   476 1.393016E-09 5.836346E-04 3.105482E-02 0.000000E+00
   477 1.445891E-09 5.783448E-04 3.764184E-02 0.000000E+00
   478 8.312969E-10 5.755212E-04 4.100120E-02 0.000000E+00
   479 1.734391E-09 5.757897E-04 3.381692E-02 0.000000E+00
   480 8.823437E-10 5.748649E-04 3.863698E-02 0.000000E+00
   481 1.615328E-09 5.772155E-04 3.584390E-02 0.000000E+00
   482 2.164031E-09 5.766501E-04 3.104083E-02 0.000000E+00
   483 1.034297E-09 5.826021E-04 3.463876E-02 0.000000E+00
   484 1.410578E-09 5.759697E-04 3.785904E-02 0.000000E+00
   485 6.634062E-10 5.813669E-04 2.785846E-02 0.000000E+00
   486 2.459234E-09 5.813845E-04 3.226915E-02 0.000000E+00
   487 1.406359E-09 5.749337E-04 3.697544E-02 0.000000E+00
   488 9.430000E-10 5.714384E-04 3.679762E-02 0.000000E+00
   489 1.130719E-09 5.742033E-04 4.013838E-02 0.000000E+00
   490 1.446516E-09 5.762629E-04 3.905095E-02 0.000000E+00
   491 1.629484E-09 5.801003E-04 3.412873E-02 0.000000E+00
   492 1.354078E-09 5.766896E-04 2.931210E-02 0.000000E+00
   493 1.996937E-09 6.315867E-04 3.225879E-02 0.000000E+00
   494 1.679641E-09 5.696257E-04 3.225825E-02 0.000000E+00
   495 8.417031E-10 5.729978E-04 3.745284E-02 0.000000E+00
   496 9.771406E-10 5.751027E-04 4.835959E-02 0.000000E+00
   497 1.497891E-09 5.785590E-04 3.605536E-02 0.000000E+00
   498 7.877344E-10 5.716763E-04 3.963862E-02 0.000000E+00
   499 7.398437E-10 5.707765E-04 4.432161E-02 0.000000E+00
   500 1.047047E-09 5.768913E-04 3.582030E-02 0.000000E+00
   501 1.202687E-09 5.706239E-04 3.492711E-02 0.000000E+00
   502 1.297609E-09 6.037692E-04 3.302692E-02 0.000000E+00
   503 1.596031E-09 5.636045E-04 3.966401E-02 0.000000E+00
   504 6.623125E-10 5.744180E-04 4.961860E-02 0.000000E+00
   505 1.080156E-09 5.747665E-04 3.593414E-02 0.000000E+00
   506 1.706844E-09 6.082356E-04 3.596859E-02 0.000000E+00
   507 8.994844E-10 5.704760E-04 3.595278E-02 0.000000E+00
   508 7.258750E-10 5.681444E-04 4.602139E-02 0.000000E+00
   509 1.159953E-09 5.676370E-04 4.431706E-02 0.000000E+00
   510 9.780781E-10 5.641428E-04 3.564580E-02 0.000000E+00
   511 1.652359E-09 5.750315E-04 3.251495E-02 0.000000E+00
   512 1.171094E-09 5.712436E-04 3.072663E-02 0.000000E+00
   513 1.512547E-09 5.609793E-04 3.343243E-02 0.000000E+00
   514 1.617687E-09 5.751645E-04 3.710799E-02 0.000000E+00
   515 7.931875E-10 5.633035E-04 2.949953E-02 0.000000E+00
   516 1.371062E-09 5.695016E-04 3.818064E-02 0.000000E+00
   517 1.498156E-09 5.696346E-04 4.098959E-02 0.000000E+00
   518 1.407047E-09 5.720627E-04 3.062579E-02 0.000000E+00
   519 1.140391E-09 5.637478E-04 3.039422E-02 0.000000E+00
   520 4.662656E-10 5.621605E-04 3.763314E-02 0.000000E+00
   521 1.390422E-09 5.618869E-04 3.961417E-02 0.000000E+00
   522 9.022812E-10 5.707805E-04 3.956533E-02 0.000000E+00
   523 1.218234E-09 5.647174E-04 2.913973E-02 0.000000E+00
   524 1.951625E-09 5.699909E-04 2.999708E-02 0.000000E+00
   525 1.075937E-09 5.662296E-04 3.241457E-02 0.000000E+00
   526 8.865625E-10 5.606299E-04 3.599973E-02 0.000000E+00
   527 1.182344E-09 5.682393E-04 3.071248E-02 0.000000E+00
   528 2.077328E-09 5.689156E-04 2.804958E-02 0.000000E+00
   529 1.853016E-09 5.608682E-04 3.299907E-02 0.000000E+00
   530 1.516984E-09 5.729058E-04 3.143190E-02 0.000000E+00
   531 8.772500E-10 5.636158E-04 3.690969E-02 0.000000E+00
   532 1.024141E-09 5.672926E-04 3.450250E-02 0.000000E+00
   533 9.451094E-10 5.636266E-04 3.837333E-02 0.000000E+00
   534 9.582187E-10 5.612861E-04 3.720833E-02 0.000000E+00
   535 1.883922E-09 5.668250E-04 3.236791E-02 0.000000E+00
   536 7.229531E-10 5.651240E-04 4.004716E-02 0.000000E+00
   537 1.205094E-09 5.582482E-04 4.083392E-02 0.000000E+00
   538 1.470422E-09 5.576100E-04 3.433170E-02 0.000000E+00
   539 1.179828E-09 5.549849E-04 3.645610E-02 0.000000E+00
   540 9.816562E-10 5.593380E-04 3.462522E-02 0.000000E+00
   541 1.563266E-09 5.642449E-04 4.062504E-02 0.000000E+00
   542 1.492484E-09 5.587599E-04 3.524793E-02 0.000000E+00
   543 9.506875E-10 5.635649E-04 3.572406E-02 0.000000E+00
   544 1.913937E-09 6.051707E-04 3.213991E-02 0.000000E+00
   545 8.487656E-10 5.582848E-04 4.808059E-02 0.000000E+00
   546 1.546375E-09 5.637513E-04 3.690292E-02 0.000000E+00
   547 4.316406E-10 5.589131E-04 4.653632E-02 0.000000E+00
   548 9.185781E-10 5.538181E-04 3.569614E-02 0.000000E+00
   549 1.030328E-09 5.535047E-04 3.332514E-02 0.000000E+00
   550 8.340781E-10 5.527258E-04 3.710026E-02 0.000000E+00
   551 8.175312E-10 5.504730E-04 3.648107E-02 0.000000E+00
   552 1.058781E-09 5.588900E-04 3.548228E-02 0.000000E+00
   553 7.925625E-10 5.506397E-04 3.813023E-02 0.000000E+00
   554 9.842187E-10 5.604917E-04 3.752972E-02 0.000000E+00
   555 1.052375E-09 5.587346E-04 3.788823E-02 0.000000E+00
   556 1.646516E-09 5.591187E-04 2.106487E-02 0.000000E+00
   557 1.090750E-09 5.513050E-04 2.934531E-02 0.000000E+00
   558 8.848594E-10 5.511786E-04 4.057869E-02 0.000000E+00
   559 8.850156E-10 5.548699E-04 3.652777E-02 0.000000E+00
   560 1.262422E-09 5.544617E-04 3.464051E-02 0.000000E+00
   561 8.570000E-10 5.507143E-04 3.731858E-02 0.000000E+00
   562 9.739687E-10 5.878458E-04 4.149138E-02 0.000000E+00
   563 1.684062E-09 5.525899E-04 3.090602E-02 0.000000E+00
   564 1.406594E-09 5.465654E-04 3.765517E-02 0.000000E+00
   565 1.128984E-09 5.557652E-04 4.077310E-02 0.000000E+00
   566 1.699437E-09 5.583438E-04 3.070708E-02 0.000000E+00
   567 1.499172E-09 5.550808E-04 3.598506E-02 0.000000E+00
   568 1.866906E-09 5.528959E-04 3.015873E-02 0.000000E+00
   569 3.608594E-10 5.522913E-04 4.418646E-02 0.000000E+00
   570 1.248297E-09 5.541433E-04 3.309445E-02 0.000000E+00
   571 8.077344E-10 5.467471E-04 4.336995E-02 0.000000E+00
   572 1.780516E-09 5.506280E-04 3.174442E-02 0.000000E+00
   573 1.244562E-09 5.505487E-04 3.790897E-02 0.000000E+00
   574 2.058172E-09 5.531398E-04 2.971974E-02 0.000000E+00
   575 1.034531E-09 5.537590E-04 3.744430E-02 0.000000E+00
   576 5.848750E-10 5.531654E-04 2.770639E-02 0.000000E+00
   577 8.800156E-10 5.462687E-04 3.571969E-02 0.000000E+00
   578 1.136578E-09 5.435184E-04 3.997226E-02 0.000000E+00
   579 8.113437E-10 5.472540E-04 3.927518E-02 0.000000E+00
   580 1.085906E-09 5.494994E-04 2.847379E-02 0.000000E+00
   581 6.744687E-10 5.509316E-04 4.487069E-02 0.000000E+00
   582 1.293953E-09 5.472026E-04 3.363021E-02 0.000000E+00
   583 9.753750E-10 5.486547E-04 3.360550E-02 0.000000E+00
   584 1.022406E-09 5.416299E-04 2.923529E-02 0.000000E+00
   585 1.182906E-09 5.409432E-04 3.510499E-02 0.000000E+00
   586 9.452969E-10 5.444785E-04 3.823782E-02 0.000000E+00
   587 9.494844E-10 5.479283E-04 3.605811E-02 0.000000E+00
   588 8.592031E-10 5.494372E-04 3.461554E-02 0.000000E+00
   589 2.928437E-10 5.418294E-04 4.846320E-02 0.000000E+00
   590 1.166594E-09 5.438634E-04 3.405203E-02 0.000000E+00
   591 9.052812E-10 5.363870E-04 3.292470E-02 0.000000E+00
   592 7.472969E-10 5.350471E-04 3.491397E-02 0.000000E+00
   593 9.088594E-10 5.401457E-04 3.097867E-02 0.000000E+00
   594 2.009141E-09 5.427837E-04 3.665283E-02 0.000000E+00
   595 3.283281E-10 5.419199E-04 4.871605E-02 0.000000E+00
   596 1.005453E-09 5.381339E-04 3.745502E-02 0.000000E+00
   597 7.337500E-10 5.435610E-04 3.919894E-02 0.000000E+00
   598 8.325000E-10 5.357723E-04 3.872164E-02 0.000000E+00
   599 1.236391E-09 5.318701E-04 3.621538E-02 0.000000E+00
   600 7.346094E-10 5.410280E-04 4.248045E-02 0.000000E+00
   601 1.002875E-09 5.343361E-04 3.670424E-02 0.000000E+00
   602 1.267906E-09 5.331553E-04 3.701508E-02 0.000000E+00
   603 1.291703E-09 5.382408E-04 3.856800E-02 0.000000E+00
   604 1.212375E-09 5.382412E-04 3.412547E-02 0.000000E+00
   605 9.286562E-10 5.317297E-04 3.633552E-02 0.000000E+00
   606 1.075781E-09 5.425660E-04 3.687018E-02 0.000000E+00
   607 9.853906E-10 5.412392E-04 3.905640E-02 0.000000E+00
   608 1.314969E-09 5.369723E-04 4.013770E-02 0.000000E+00
   609 1.210859E-09 5.379531E-04 2.871686E-02 0.000000E+00
   610 1.467562E-09 5.276483E-04 3.278044E-02 0.000000E+00
   611 9.768437E-10 5.340525E-04 3.511629E-02 0.000000E+00
   612 8.555000E-10 5.260880E-04 3.790326E-02 0.000000E+00
   613 6.360937E-10 5.304368E-04 4.561452E-02 0.000000E+00
   614 1.220828E-09 5.304050E-04 3.296194E-02 0.000000E+00
   615 1.485469E-09 5.332489E-04 2.652662E-02 0.000000E+00
   616 8.705937E-10 5.244099E-04 4.210358E-02 0.000000E+00
   617 1.059094E-09 5.330806E-04 3.727449E-02 0.000000E+00
   618 1.306031E-09 5.305600E-04 2.881201E-02 0.000000E+00
   619 4.622969E-10 5.309545E-04 4.411359E-02 0.000000E+00
   620 3.289844E-10 5.316242E-04 5.138288E-02 0.000000E+00
   621 1.313781E-09 5.279003E-04 3.404625E-02 0.000000E+00
   622 9.550625E-10 5.266048E-04 3.464713E-02 0.000000E+00
   623 9.774844E-10 5.274845E-04 3.980272E-02 0.000000E+00
   624 3.863125E-10 5.250435E-04 4.805414E-02 0.000000E+00
   625 4.673437E-10 5.254190E-04 4.506660E-02 0.000000E+00
   626 1.603937E-09 5.568560E-04 3.331249E-02 0.000000E+00
   627 2.835937E-10 5.246014E-04 4.157890E-02 0.000000E+00
   628 1.030547E-09 5.326097E-04 3.475153E-02 0.000000E+00
   629 1.172922E-09 5.221351E-04 3.909403E-02 0.000000E+00
   630 8.616250E-10 5.242274E-04 3.630526E-02 0.000000E+00
   631 8.810156E-10 5.266777E-04 3.366818E-02 0.000000E+00
   632 9.071875E-10 5.391027E-04 3.388401E-02 0.000000E+00
   633 6.395625E-10 5.200077E-04 3.164844E-02 0.000000E+00
   634 6.800156E-10 5.215615E-04 4.070878E-02 0.000000E+00
   635 5.155312E-10 5.194206E-04 3.284676E-02 0.000000E+00
   636 9.604375E-10 5.211446E-04 3.623889E-02 0.000000E+00
   637 1.329359E-09 5.340054E-04 2.935870E-02 0.000000E+00
   638 9.332969E-10 5.269613E-04 3.927873E-02 0.000000E+00
   639 1.019719E-09 5.253564E-04 3.503612E-02 0.000000E+00
   640 1.157781E-09 5.168046E-04 4.042743E-02 0.000000E+00
   641 8.526250E-10 5.157924E-04 3.521059E-02 0.000000E+00
   642 8.442187E-10 5.259786E-04 3.547190E-02 0.000000E+00
   643 6.588906E-10 5.196167E-04 2.636631E-02 0.000000E+00
   644 4.930937E-10 5.181647E-04 4.477811E-02 0.000000E+00
   645 6.748906E-10 5.173587E-04 4.341334E-02 0.000000E+00
   646 7.473437E-10 5.184565E-04 3.450790E-02 0.000000E+00
   647 7.522969E-10 5.180622E-04 4.136722E-02 0.000000E+00
   648 1.077312E-09 5.226294E-04 3.124058E-02 0.000000E+00
   649 5.249219E-10 5.160882E-04 3.933102E-02 0.000000E+00
   650 7.960937E-10 5.149544E-04 3.482605E-02 0.000000E+00
   651 7.670469E-10 5.198204E-04 4.014315E-02 0.000000E+00
   652 7.108594E-10 5.133088E-04 4.480669E-02 0.000000E+00
   653 9.247187E-10 5.202256E-04 3.440566E-02 0.000000E+00
   654 1.153437E-09 5.150174E-04 2.807457E-02 0.000000E+00
   655 5.935000E-10 5.115511E-04 4.382300E-02 0.000000E+00
   656 3.798750E-10 5.118820E-04 4.035574E-02 0.000000E+00
   657 7.266875E-10 5.163879E-04 3.748173E-02 0.000000E+00
   658 1.033672E-09 5.184160E-04 2.812762E-02 0.000000E+00
   659 2.763594E-10 5.172949E-04 4.637001E-02 0.000000E+00
   660 1.073344E-09 5.103718E-04 4.106952E-02 0.000000E+00
   661 8.422656E-10 5.138188E-04 3.351020E-02 0.000000E+00
   662 4.541250E-10 5.061614E-04 3.236700E-02 0.000000E+00
   663 9.766875E-10 5.044178E-04 3.001155E-02 0.000000E+00
   664 4.714375E-10 5.133833E-04 3.942298E-02 0.000000E+00
   665 7.124687E-10 5.127619E-04 4.090314E-02 0.000000E+00
   666 4.473594E-10 5.110203E-04 4.933018E-02 0.000000E+00
   667 7.764844E-10 5.077425E-04 3.344985E-02 0.000000E+00
   668 6.829531E-10 5.154401E-04 4.029357E-02 0.000000E+00
   669 8.533125E-10 5.073050E-04 3.169123E-02 0.000000E+00
   670 4.791094E-10 5.105913E-04 4.437624E-02 0.000000E+00
   671 1.022922E-09 5.056315E-04 3.444340E-02 0.000000E+00
   672 6.506250E-10 5.100611E-04 2.698804E-02 0.000000E+00
   673 6.227031E-10 5.069052E-04 4.359220E-02 0.000000E+00
   674 1.306469E-09 5.107215E-04 3.698582E-02 0.000000E+00
   675 4.341875E-10 5.120295E-04 4.386996E-02 0.000000E+00
   676 7.923437E-10 5.127896E-04 3.520114E-02 0.000000E+00
   677 6.287187E-10 5.100591E-04 4.044637E-02 0.000000E+00
   678 1.421484E-09 5.171110E-04 3.828503E-02 0.000000E+00
   679 1.167422E-09 5.074080E-04 3.822582E-02 0.000000E+00
   680 7.664375E-10 5.135225E-04 3.388347E-02 0.000000E+00
   681 1.301750E-09 5.097757E-04 2.897959E-02 0.000000E+00
   682 4.751875E-10 5.044207E-04 4.514438E-02 0.000000E+00
   683 7.376250E-10 5.056368E-04 3.831174E-02 0.000000E+00
   684 4.159219E-10 5.062829E-04 3.070890E-02 0.000000E+00
   685 1.429547E-09 5.097695E-04 3.101974E-02 0.000000E+00
   686 5.112031E-10 5.040993E-04 4.516834E-02 0.000000E+00
   687 1.414312E-09 5.064989E-04 2.811987E-02 0.000000E+00
   688 7.142969E-10 5.049058E-04 3.807011E-02 0.000000E+00
   689 9.841875E-10 5.063945E-04 2.917368E-02 0.000000E+00
   690 8.688125E-10 4.998778E-04 2.684316E-02 0.000000E+00
   691 6.890937E-10 5.049994E-04 3.490342E-02 0.000000E+00
   692 1.062016E-09 5.004523E-04 3.652189E-02 0.000000E+00
   693 1.111125E-09 5.218774E-04 3.222896E-02 0.000000E+00
   694 9.289844E-10 5.055801E-04 3.840180E-02 0.000000E+00
   695 4.678750E-10 4.962400E-04 4.114069E-02 0.000000E+00
   696 6.171250E-10 4.964487E-04 3.134011E-02 0.000000E+00
   697 1.318578E-09 5.099053E-04 3.910359E-02 0.000000E+00
   698 7.261094E-10 4.983531E-04 3.798877E-02 0.000000E+00
   699 9.182344E-10 5.008336E-04 3.981835E-02 0.000000E+00
   700 7.176406E-10 4.981967E-04 3.568200E-02 0.000000E+00
   701 5.278906E-10 5.018868E-04 3.944556E-02 0.000000E+00
   702 8.069687E-10 4.929645E-04 3.188838E-02 0.000000E+00
   703 4.301250E-10 4.953664E-04 3.544108E-02 0.000000E+00
   704 1.299437E-09 4.994859E-04 4.034868E-02 0.000000E+00
   705 7.805156E-10 4.970740E-04 4.131491E-02 0.000000E+00
   706 7.858906E-10 5.052382E-04 3.392120E-02 0.000000E+00
   707 6.125937E-10 4.996409E-04 2.908505E-02 0.000000E+00
   708 8.187500E-10 4.978620E-04 3.410999E-02 0.000000E+00
   709 1.014297E-09 4.935150E-04 3.134129E-02 0.000000E+00
   710 7.036562E-10 4.977072E-04 4.113142E-02 0.000000E+00
   711 4.362969E-10 4.997248E-04 4.103183E-02 0.000000E+00
   712 7.118906E-10 4.901325E-04 3.656777E-02 0.000000E+00
   713 6.698437E-10 5.022193E-04 4.401906E-02 0.000000E+00
   714 1.012594E-09 4.958139E-04 3.507525E-02 0.000000E+00
   715 3.805469E-10 5.058182E-04 4.864364E-02 0.000000E+00
   716 7.656406E-10 4.971208E-04 3.494235E-02 0.000000E+00
   717 1.590312E-09 4.939121E-04 3.855764E-02 0.000000E+00
   718 6.761250E-10 4.919157E-04 3.929669E-02 0.000000E+00
   719 9.302812E-10 4.939400E-04 3.785211E-02 0.000000E+00
   720 4.360000E-10 4.968632E-04 4.139770E-02 0.000000E+00
   721 5.131562E-10 4.932129E-04 4.224117E-02 0.000000E+00
   722 1.201516E-09 4.889326E-04 3.582539E-02 0.000000E+00
   723 6.209844E-10 4.941833E-04 4.412253E-02 0.000000E+00
   724 4.318281E-10 4.931229E-04 4.185063E-02 0.000000E+00
   725 8.701406E-10 4.897820E-04 3.151374E-02 0.000000E+00
   726 6.569375E-10 4.894339E-04 2.342404E-02 0.000000E+00
   727 1.016969E-09 4.924447E-04 3.370071E-02 0.000000E+00
   728 4.799062E-10 4.871698E-04 4.064445E-02 0.000000E+00
   729 7.110156E-10 4.901692E-04 3.007789E-02 0.000000E+00
   730 4.765781E-10 4.944469E-04 4.200067E-02 0.000000E+00
   731 3.040937E-10 4.917397E-04 3.651887E-02 0.000000E+00
   732 1.130484E-09 4.925445E-04 4.026580E-02 0.000000E+00
   733 6.531719E-10 4.932492E-04 4.014097E-02 0.000000E+00
   734 9.848125E-10 4.932907E-04 3.210888E-02 0.000000E+00
   735 8.232344E-10 4.845299E-04 2.859978E-02 0.000000E+00
   736 7.341406E-10 4.918468E-04 3.727220E-02 0.000000E+00
   737 3.691875E-10 4.906902E-04 5.122553E-02 0.000000E+00
   738 1.028734E-09 4.822158E-04 3.963831E-02 0.000000E+00
   739 3.847812E-10 4.840747E-04 4.410773E-02 0.000000E+00
   740 7.867031E-10 4.810142E-04 3.136420E-02 0.000000E+00
   741 4.949219E-10 4.803020E-04 3.602135E-02 0.000000E+00
   742 4.963281E-10 4.873584E-04 3.895296E-02 0.000000E+00
   743 1.440766E-09 4.934662E-04 3.474547E-02 0.000000E+00
   744 2.908281E-10 4.865124E-04 4.076898E-02 0.000000E+00
   745 7.057031E-10 4.868484E-04 3.597596E-02 0.000000E+00
   746 7.422187E-10 4.842241E-04 3.878893E-02 0.000000E+00
   747 4.118437E-10 4.852609E-04 4.559789E-02 0.000000E+00
   748 4.826094E-10 4.819655E-04 3.721184E-02 0.000000E+00
   749 6.150781E-10 4.870611E-04 4.050850E-02 0.000000E+00
   750 4.251094E-10 4.827249E-04 4.063125E-02 0.000000E+00
   751 3.472969E-10 4.822274E-04 4.949819E-02 0.000000E+00
   752 4.637812E-10 4.827339E-04 4.208792E-02 0.000000E+00
   753 9.410312E-10 4.926502E-04 4.050574E-02 0.000000E+00
   754 8.810156E-10 4.875682E-04 4.139638E-02 0.000000E+00
   755 7.942500E-10 4.828570E-04 3.708539E-02 0.000000E+00
   756 4.853437E-10 4.808963E-04 3.752051E-02 0.000000E+00
   757 6.632031E-10 4.813164E-04 3.868552E-02 0.000000E+00
   758 3.476250E-10 4.852600E-04 5.230382E-02 0.000000E+00
   759 3.918750E-10 4.758004E-04 4.143485E-02 0.000000E+00
   760 9.303750E-10 4.807527E-04 3.518768E-02 0.000000E+00
   761 9.743281E-10 4.812072E-04 4.108990E-02 0.000000E+00
   762 4.757812E-10 4.782848E-04 3.632835E-02 0.000000E+00
   763 5.695937E-10 4.738906E-04 3.372380E-02 0.000000E+00
   764 5.502812E-10 4.822183E-04 3.787514E-02 0.000000E+00
   765 7.464687E-10 4.802696E-04 3.159168E-02 0.000000E+00
   766 4.589219E-10 4.766058E-04 3.928659E-02 0.000000E+00
   767 4.984531E-10 4.787523E-04 3.744336E-02 0.000000E+00
   768 4.077969E-10 4.829803E-04 4.328920E-02 0.000000E+00
   769 4.721562E-10 4.735692E-04 4.083383E-02 0.000000E+00
   770 7.350781E-10 4.820326E-04 3.452156E-02 0.000000E+00
   771 3.194219E-10 4.859350E-04 5.162989E-02 0.000000E+00
   772 4.286719E-10 4.800764E-04 4.072750E-02 0.000000E+00
   773 7.863281E-10 4.797839E-04 3.266708E-02 0.000000E+00
   774 3.835781E-10 4.814675E-04 4.463235E-02 0.000000E+00
   775 6.059844E-10 4.753176E-04 3.952325E-02 0.000000E+00
   776 8.084219E-10 4.798000E-04 2.963666E-02 0.000000E+00
   777 8.196094E-10 4.756702E-04 3.571977E-02 0.000000E+00
   778 7.832500E-10 4.776056E-04 3.160235E-02 0.000000E+00
   779 7.158125E-10 4.712172E-04 3.183814E-02 0.000000E+00
   780 3.693437E-10 4.789075E-04 4.512157E-02 0.000000E+00
   781 3.990156E-10 4.765168E-04 4.343694E-02 0.000000E+00
   782 5.003437E-10 4.770145E-04 3.587910E-02 0.000000E+00
   783 6.275625E-10 4.745537E-04 2.860965E-02 0.000000E+00
   784 5.245937E-10 4.742006E-04 4.075876E-02 0.000000E+00
   785 8.828281E-10 4.679183E-04 3.048769E-02 0.000000E+00
   786 4.397187E-10 4.752192E-04 3.748111E-02 0.000000E+00
   787 7.909375E-10 4.773280E-04 4.087556E-02 0.000000E+00
   788 4.419062E-10 4.736613E-04 3.844116E-02 0.000000E+00
   789 3.686719E-10 4.682147E-04 4.399522E-02 0.000000E+00
   790 7.196250E-10 4.696673E-04 3.130700E-02 0.000000E+00
   791 4.483594E-10 4.677156E-04 3.971432E-02 0.000000E+00
   792 9.359375E-10 4.765946E-04 3.257083E-02 0.000000E+00
   793 7.102187E-10 4.754025E-04 3.988095E-02 0.000000E+00
   794 6.028750E-10 4.743766E-04 3.773184E-02 0.000000E+00
   795 4.527656E-10 4.748982E-04 4.122555E-02 0.000000E+00
   796 5.378125E-10 4.675858E-04 4.206061E-02 0.000000E+00
   797 9.458437E-10 4.700558E-04 3.157087E-02 0.000000E+00
   798 9.149062E-10 4.802924E-04 3.147050E-02 0.000000E+00
   799 4.253437E-10 4.740472E-04 4.077293E-02 0.000000E+00
   800 3.592969E-10 4.668436E-04 4.342701E-02 0.000000E+00
   801 5.959375E-10 4.661996E-04 3.559863E-02 0.000000E+00
   802 6.454687E-10 4.697210E-04 3.126188E-02 0.000000E+00
   803 1.298141E-09 4.689034E-04 3.255647E-02 0.000000E+00
   804 6.544687E-10 4.704236E-04 2.890261E-02 0.000000E+00
   805 6.454531E-10 4.641931E-04 3.230185E-02 0.000000E+00
   806 7.066406E-10 4.650512E-04 3.340634E-02 0.000000E+00
   807 4.212812E-10 4.638107E-04 2.867512E-02 0.000000E+00
   808 7.858281E-10 4.675046E-04 3.276466E-02 0.000000E+00
   809 3.469375E-10 4.653056E-04 4.097300E-02 0.000000E+00
   810 5.885312E-10 4.719484E-04 3.522461E-02 0.000000E+00
   811 4.074219E-10 4.627314E-04 4.231342E-02 0.000000E+00
   812 3.377031E-10 4.650723E-04 4.017434E-02 0.000000E+00
   813 4.676875E-10 4.611583E-04 3.721871E-02 0.000000E+00
   814 3.976562E-10 4.654494E-04 4.573849E-02 0.000000E+00
   815 6.528906E-10 4.631396E-04 3.164663E-02 0.000000E+00
   816 7.406094E-10 4.697690E-04 3.016988E-02 0.000000E+00
   817 8.223437E-10 4.674961E-04 2.963719E-02 0.000000E+00
   818 4.811094E-10 4.667512E-04 3.593509E-02 0.000000E+00
   819 3.840781E-10 4.622972E-04 4.237862E-02 0.000000E+00
   820 1.006203E-09 4.966229E-04 3.838178E-02 0.000000E+00
   821 4.178906E-10 4.674950E-04 4.187601E-02 0.000000E+00
   822 4.314219E-10 4.605530E-04 4.252597E-02 0.000000E+00
   823 5.839844E-10 4.599232E-04 3.963351E-02 0.000000E+00
   824 1.032562E-09 4.630204E-04 3.489436E-02 0.000000E+00
   825 4.257187E-10 4.631812E-04 3.746185E-02 0.000000E+00
   826 6.849219E-10 4.672896E-04 3.976557E-02 0.000000E+00
   827 1.154031E-09 4.652820E-04 3.499741E-02 0.000000E+00
   828 4.025000E-10 4.684921E-04 3.886100E-02 0.000000E+00
   829 5.051250E-10 4.642257E-04 4.208143E-02 0.000000E+00
   830 5.675156E-10 4.643369E-04 3.745398E-02 0.000000E+00
   831 3.139062E-10 4.559048E-04 3.461331E-02 0.000000E+00
   832 4.056875E-10 4.591393E-04 3.805586E-02 0.000000E+00
   833 8.857656E-10 4.567454E-04 4.115423E-02 0.000000E+00
   834 4.476719E-10 4.553889E-04 3.928264E-02 0.000000E+00
   835 1.270547E-09 4.613314E-04 3.457134E-02 0.000000E+00
   836 3.287500E-10 4.606084E-04 4.658890E-02 0.000000E+00
   837 5.339062E-10 4.544014E-04 2.967957E-02 0.000000E+00
   838 6.999219E-10 4.563889E-04 3.146380E-02 0.000000E+00
   839 8.668437E-10 4.625712E-04 3.135125E-02 0.000000E+00
   840 3.930625E-10 4.526555E-04 4.322367E-02 0.000000E+00
   841 3.665312E-10 4.513388E-04 4.061601E-02 0.000000E+00
   842 3.835937E-10 4.568724E-04 4.198907E-02 0.000000E+00
   843 5.811250E-10 4.548826E-04 4.188365E-02 0.000000E+00
   844 4.728437E-10 4.579589E-04 4.330357E-02 0.000000E+00
   845 4.145312E-10 4.586232E-04 3.395612E-02 0.000000E+00
   846 6.711094E-10 4.602190E-04 3.359611E-02 0.000000E+00
   847 4.531875E-10 4.518694E-04 3.973101E-02 0.000000E+00
   848 6.155156E-10 4.607810E-04 4.017419E-02 0.000000E+00
   849 7.954687E-10 4.627897E-04 3.159214E-02 0.000000E+00
   850 4.175000E-10 4.568092E-04 3.961370E-02 0.000000E+00
   851 5.965625E-10 4.511844E-04 3.820986E-02 0.000000E+00
   852 5.589219E-10 4.546330E-04 3.251694E-02 0.000000E+00
   853 3.851875E-10 4.537285E-04 4.371963E-02 0.000000E+00
   854 4.393594E-10 4.544336E-04 3.760125E-02 0.000000E+00
   855 6.276562E-10 4.560517E-04 3.733143E-02 0.000000E+00
   856 8.910937E-10 4.517629E-04 3.404076E-02 0.000000E+00
   857 4.793437E-10 4.545018E-04 4.678373E-02 0.000000E+00
   858 6.027969E-10 4.515918E-04 3.957744E-02 0.000000E+00
   859 8.589687E-10 4.549075E-04 3.151126E-02 0.000000E+00
   860 8.945000E-10 4.448155E-04 3.945018E-02 0.000000E+00
   861 2.262031E-10 4.480994E-04 3.656253E-02 0.000000E+00
   862 3.443594E-10 4.513232E-04 4.444089E-02 0.000000E+00
   863 5.785625E-10 4.450470E-04 3.179700E-02 0.000000E+00
   864 8.395781E-10 4.463162E-04 3.243471E-02 0.000000E+00
   865 8.133125E-10 4.488913E-04 3.138858E-02 0.000000E+00
   866 3.617969E-10 4.440095E-04 4.325605E-02 0.000000E+00
   867 3.333594E-10 4.486067E-04 4.518263E-02 0.000000E+00
   868 3.594219E-10 4.487132E-04 4.528642E-02 0.000000E+00
   869 4.455937E-10 4.539474E-04 3.434694E-02 0.000000E+00
   870 3.917344E-10 4.398870E-04 3.873394E-02 0.000000E+00
   871 3.944844E-10 4.432494E-04 3.680142E-02 0.000000E+00
   872 3.547500E-10 4.515317E-04 4.486750E-02 0.000000E+00
   873 5.570156E-10 4.470629E-04 4.014125E-02 0.000000E+00
   874 4.417500E-10 4.503541E-04 3.305511E-02 0.000000E+00
   875 4.460156E-10 4.409359E-04 3.846283E-02 0.000000E+00
   876 3.339844E-10 4.496970E-04 4.604758E-02 0.000000E+00
   877 3.712500E-10 4.438536E-04 3.910951E-02 0.000000E+00
   878 6.594687E-10 4.494474E-04 4.044755E-02 0.000000E+00
   879 2.200625E-10 4.445864E-04 3.544285E-02 0.000000E+00
   880 4.184375E-10 4.424507E-04 3.914479E-02 0.000000E+00
   881 4.608125E-10 4.443234E-04 3.923801E-02 0.000000E+00
   882 6.548750E-10 4.434753E-04 3.278132E-02 0.000000E+00
   883 3.926562E-10 4.420753E-04 3.761457E-02 0.000000E+00
   884 5.079531E-10 4.412572E-04 3.292029E-02 0.000000E+00
   885 6.273594E-10 4.419656E-04 3.492227E-02 0.000000E+00
   886 6.197656E-10 4.457253E-04 3.952064E-02 0.000000E+00
   887 3.919062E-10 4.421744E-04 3.653914E-02 0.000000E+00
   888 3.964219E-10 4.433732E-04 3.806498E-02 0.000000E+00
   889 3.720000E-10 4.425033E-04 4.460539E-02 0.000000E+00
   890 5.502656E-10 4.408979E-04 3.114518E-02 0.000000E+00
   891 6.133125E-10 4.430499E-04 4.330490E-02 0.000000E+00
   892 5.317031E-10 4.411501E-04 4.101129E-02 0.000000E+00
   893 4.220625E-10 4.354313E-04 3.798417E-02 0.000000E+00
   894 6.321094E-10 4.357546E-04 4.059720E-02 0.000000E+00
   895 4.481094E-10 4.411228E-04 3.398548E-02 0.000000E+00
   896 4.197344E-10 4.411680E-04 3.798919E-02 0.000000E+00
   897 3.496250E-10 4.454143E-04 4.560617E-02 0.000000E+00
   898 3.640469E-10 4.393678E-04 3.965142E-02 0.000000E+00
   899 4.131562E-10 4.368355E-04 3.910007E-02 0.000000E+00
   900 3.977656E-10 4.350974E-04 4.025480E-02 0.000000E+00
   901 3.372500E-10 4.418149E-04 4.369362E-02 0.000000E+00
   902 3.968281E-10 4.320727E-04 3.730426E-02 0.000000E+00
   903 3.651719E-10 4.387300E-04 4.130597E-02 0.000000E+00
   904 3.285312E-10 4.314077E-04 4.324945E-02 0.000000E+00
   905 4.344219E-10 4.343750E-04 3.329390E-02 0.000000E+00
   906 4.553750E-10 4.359886E-04 3.453621E-02 0.000000E+00
   907 5.077969E-10 4.415464E-04 3.837789E-02 0.000000E+00
   908 5.262344E-10 4.361438E-04 3.072512E-02 0.000000E+00
   909 6.252187E-10 4.357350E-04 4.355457E-02 0.000000E+00
   910 6.085156E-10 4.307790E-04 4.028608E-02 0.000000E+00
   911 3.061094E-10 4.374321E-04 4.470659E-02 0.000000E+00
   912 7.527187E-10 4.363707E-04 2.975516E-02 0.000000E+00
   913 3.644531E-10 4.371608E-04 3.908700E-02 0.000000E+00
   914 4.098281E-10 4.400102E-04 3.710042E-02 0.000000E+00
   915 3.786719E-10 4.355019E-04 4.380419E-02 0.000000E+00
   916 3.623437E-10 4.288321E-04 2.601639E-02 0.000000E+00
   917 5.455156E-10 4.402526E-04 3.329221E-02 0.000000E+00
   918 3.633750E-10 4.304412E-04 3.819372E-02 0.000000E+00
   919 4.434375E-10 4.358971E-04 3.712494E-02 0.000000E+00
   920 3.770000E-10 4.343092E-04 4.147472E-02 0.000000E+00
   921 6.362969E-10 4.280515E-04 3.344099E-02 0.000000E+00
   922 4.018906E-10 4.291759E-04 3.671348E-02 0.000000E+00
   923 3.851562E-10 4.300517E-04 3.962760E-02 0.000000E+00
   924 5.332344E-10 4.273948E-04 3.894238E-02 0.000000E+00
   925 4.189844E-10 4.308934E-04 3.650194E-02 0.000000E+00
   926 3.328906E-10 4.316813E-04 4.076934E-02 0.000000E+00
   927 3.155781E-10 4.339539E-04 3.983188E-02 0.000000E+00
   928 5.975156E-10 4.261197E-04 3.466978E-02 0.000000E+00
   929 4.075937E-10 4.325386E-04 3.737140E-02 0.000000E+00
   930 3.663125E-10 4.235393E-04 3.827232E-02 0.000000E+00
   931 3.274062E-10 4.319145E-04 3.936722E-02 0.000000E+00
   932 3.690312E-10 4.254264E-04 4.044287E-02 0.000000E+00
   933 3.561094E-10 4.304348E-04 4.102658E-02 0.000000E+00
   934 3.416719E-10 4.260125E-04 3.845410E-02 0.000000E+00
   935 3.252812E-10 4.224586E-04 4.269355E-02 0.000000E+00
   936 3.413125E-10 4.313627E-04 3.818559E-02 0.000000E+00
   937 6.932031E-10 4.226351E-04 2.847392E-02 0.000000E+00
   938 3.454375E-10 4.285381E-04 3.993366E-02 0.000000E+00
   939 3.735000E-10 4.245592E-04 4.047269E-02 0.000000E+00
   940 3.735000E-10 4.297737E-04 3.998950E-02 0.000000E+00
   941 4.402812E-10 4.260715E-04 3.694393E-02 0.000000E+00
   942 3.345469E-10 4.276809E-04 4.227005E-02 0.000000E+00
   943 3.400312E-10 4.251362E-04 3.918159E-02 0.000000E+00
   944 3.207656E-10 4.216238E-04 4.027188E-02 0.000000E+00
   945 3.023750E-10 4.304080E-04 4.303958E-02 0.000000E+00
   946 5.054687E-10 4.285511E-04 3.085169E-02 0.000000E+00
   947 3.699687E-10 4.301732E-04 3.881450E-02 0.000000E+00
   948 6.728281E-10 4.279598E-04 3.573914E-02 0.000000E+00
   949 3.818594E-10 4.306665E-04 3.680764E-02 0.000000E+00
   950 3.211250E-10 4.226775E-04 4.129461E-02 0.000000E+00
   951 5.217500E-10 4.283024E-04 3.829054E-02 0.000000E+00
   952 3.145781E-10 4.255929E-04 3.913813E-02 0.000000E+00
   953 3.337969E-10 4.281226E-04 3.747322E-02 0.000000E+00
   954 4.510000E-10 4.209117E-04 3.444927E-02 0.000000E+00
   955 3.136562E-10 4.216123E-04 4.340230E-02 0.000000E+00
   956 3.786250E-10 4.209000E-04 3.951881E-02 0.000000E+00
   957 3.904062E-10 4.234477E-04 3.898542E-02 0.000000E+00
   958 3.312187E-10 4.228287E-04 3.988442E-02 0.000000E+00
   959 5.613594E-10 4.235267E-04 3.375308E-02 0.000000E+00
   960 4.451406E-10 4.281820E-04 3.407963E-02 0.000000E+00
   961 3.446406E-10 4.252736E-04 3.940997E-02 0.000000E+00
   962 1.772812E-10 4.275273E-04 5.000809E-02 0.000000E+00
   963 3.875469E-10 4.262064E-04 3.901386E-02 0.000000E+00
   964 3.680156E-10 4.251489E-04 3.735677E-02 0.000000E+00
   965 3.648125E-10 4.206870E-04 3.648096E-02 0.000000E+00
   966 3.523125E-10 4.243246E-04 4.017063E-02 0.000000E+00
   967 4.069531E-10 4.259452E-04 3.485954E-02 0.000000E+00
   968 3.401719E-10 4.267311E-04 3.872588E-02 0.000000E+00
   969 3.151875E-10 4.286449E-04 4.070085E-02 0.000000E+00
   970 4.252187E-10 4.212633E-04 3.171277E-02 0.000000E+00
   971 3.131250E-10 4.178049E-04 4.330980E-02 0.000000E+00
   972 4.041250E-10 4.234928E-04 3.883311E-02 0.000000E+00
   973 3.681562E-10 4.250826E-04 3.910238E-02 0.000000E+00
   974 4.935625E-10 4.244700E-04 4.101961E-02 0.000000E+00
   975 3.577031E-10 4.242206E-04 3.793317E-02 0.000000E+00
   976 4.227344E-10 4.267201E-04 3.612908E-02 0.000000E+00
   977 3.419375E-10 4.293103E-04 3.722928E-02 0.000000E+00
   978 4.026094E-10 4.184153E-04 3.711957E-02 0.000000E+00
   979 3.578594E-10 4.207926E-04 3.959922E-02 0.000000E+00
   980 5.363281E-10 4.260440E-04 3.690224E-02 0.000000E+00
   981 3.485469E-10 4.214360E-04 3.731950E-02 0.000000E+00
   982 4.816406E-10 4.209967E-04 3.000222E-02 0.000000E+00
   983 3.426094E-10 4.232139E-04 3.762937E-02 0.000000E+00
   984 3.701094E-10 4.216621E-04 3.972442E-02 0.000000E+00
   985 3.356406E-10 4.257663E-04 4.130467E-02 0.000000E+00
   986 4.716250E-10 4.232720E-04 3.891251E-02 0.000000E+00
   987 3.647344E-10 4.218271E-04 4.124045E-02 0.000000E+00
   988 3.784687E-10 4.241048E-04 4.073777E-02 0.000000E+00
   989 6.537656E-10 4.230102E-04 3.250907E-02 0.000000E+00
   990 3.572344E-10 4.159123E-04 3.806212E-02 0.000000E+00
   991 3.677031E-10 4.217163E-04 3.695327E-02 0.000000E+00
   992 5.759687E-10 4.241355E-04 2.871263E-02 0.000000E+00
   993 3.926250E-10 4.195994E-04 3.757272E-02 0.000000E+00
   994 6.198906E-10 4.225676E-04 3.197854E-02 0.000000E+00
   995 3.223437E-10 4.220836E-04 4.556794E-02 0.000000E+00
   996 3.585625E-10 4.225488E-04 3.944878E-02 0.000000E+00
   997 4.484687E-10 4.201008E-04 3.322008E-02 0.000000E+00
   998 3.642187E-10 4.148808E-04 3.828198E-02 0.000000E+00
   999 2.452187E-10 4.217432E-04 4.448220E-02 0.000000E+00
  1000 3.904844E-10 4.156722E-04 3.712889E-02 0.000000E+00
  1001 5.646719E-10 4.171409E-04 3.351887E-02 0.000000E+00
  1002 3.218906E-10 4.112888E-04 3.838926E-02 0.000000E+00
  1003 3.547812E-10 4.112709E-04 4.215304E-02 0.000000E+00
  1004 3.381250E-10 4.183717E-04 3.762113E-02 0.000000E+00
  1005 3.202344E-10 4.151097E-04 4.209827E-02 0.000000E+00
  1006 4.730000E-10 4.201958E-04 3.126894E-02 0.000000E+00
  1007 4.060937E-10 4.166140E-04 4.137421E-02 0.000000E+00
  1008 3.084687E-10 4.170689E-04 4.270265E-02 0.000000E+00
  1009 5.399531E-10 4.174232E-04 3.815382E-02 0.000000E+00
  1010 2.952500E-10 4.177860E-04 4.548304E-02 0.000000E+00
  1011 3.200469E-10 4.102707E-04 3.970481E-02 0.000000E+00
  1012 3.673281E-10 4.188629E-04 3.720406E-02 0.000000E+00
  1013 3.310156E-10 4.101942E-04 3.991936E-02 0.000000E+00
  1014 3.913594E-10 4.151665E-04 3.892011E-02 0.000000E+00
  1015 3.177500E-10 4.178149E-04 3.941673E-02 0.000000E+00
  1016 3.386719E-10 4.130299E-04 4.010213E-02 0.000000E+00
  1017 3.910625E-10 4.235673E-04 3.815944E-02 0.000000E+00
  1018 3.518750E-10 4.196431E-04 4.017331E-02 0.000000E+00
  1019 3.645781E-10 4.119076E-04 4.027017E-02 0.000000E+00
  1020 4.379219E-10 4.155510E-04 3.626287E-02 0.000000E+00
  1021 3.557344E-10 4.142333E-04 3.778916E-02 0.000000E+00
  1022 3.446250E-10 4.138673E-04 4.159508E-02 0.000000E+00
  1023 3.233906E-10 4.121813E-04 4.156154E-02 0.000000E+00
  1024 2.978906E-10 4.183610E-04 4.339801E-02 0.000000E+00
  1025 2.959219E-10 4.145368E-04 4.172220E-02 0.000000E+00
  1026 2.422344E-10 4.109861E-04 3.253944E-02 0.000000E+00
  1027 2.963906E-10 4.111208E-04 4.329658E-02 0.000000E+00
  1028 4.550937E-10 4.140442E-04 3.691048E-02 0.000000E+00
  1029 3.992656E-10 4.108834E-04 3.670589E-02 0.000000E+00
  1030 3.112656E-10 4.058227E-04 4.325590E-02 0.000000E+00
  1031 3.367812E-10 4.160643E-04 3.919000E-02 0.000000E+00
  1032 3.801094E-10 4.117397E-04 4.209778E-02 0.000000E+00
  1033 3.979531E-10 4.085944E-04 3.499268E-02 0.000000E+00
  1034 3.779219E-10 4.070505E-04 3.699102E-02 0.000000E+00
  1035 3.282031E-10 4.075994E-04 4.026412E-02 0.000000E+00
  1036 3.784219E-10 4.079402E-04 3.822506E-02 0.000000E+00
  1037 3.449531E-10 4.139951E-04 4.031945E-02 0.000000E+00
  1038 3.649219E-10 4.107224E-04 3.812034E-02 0.000000E+00
  1039 3.217187E-10 4.049767E-04 4.047375E-02 0.000000E+00
  1040 3.530000E-10 4.074620E-04 3.652364E-02 0.000000E+00
  1041 2.820937E-10 4.037199E-04 4.289765E-02 0.000000E+00
  1042 3.431406E-10 4.124929E-04 3.801648E-02 0.000000E+00
  1043 4.646406E-10 4.087180E-04 3.719087E-02 0.000000E+00
  1044 3.785312E-10 4.039518E-04 3.622971E-02 0.000000E+00
  1045 3.513437E-10 4.127828E-04 4.034921E-02 0.000000E+00
  1046 3.336094E-10 4.068905E-04 4.057316E-02 0.000000E+00
  1047 3.061875E-10 4.110185E-04 4.168704E-02 0.000000E+00
  1048 2.894375E-10 4.075899E-04 4.399239E-02 0.000000E+00
  1049 4.205312E-10 4.101649E-04 3.673615E-02 0.000000E+00
  1050 5.080781E-10 4.176774E-04 3.855905E-02 0.000000E+00
  1051 3.620781E-10 4.074739E-04 3.787754E-02 0.000000E+00
  1052 3.528594E-10 4.089132E-04 3.633025E-02 0.000000E+00
  1053 3.768281E-10 4.067932E-04 3.655410E-02 0.000000E+00
  1054 3.242656E-10 4.095112E-04 4.461816E-02 0.000000E+00
  1055 5.095000E-10 4.154105E-04 3.420944E-02 0.000000E+00
  1056 3.722812E-10 4.144243E-04 3.555525E-02 0.000000E+00
  1057 3.814219E-10 4.140228E-04 4.006828E-02 0.000000E+00
  1058 4.929062E-10 4.153858E-04 3.198294E-02 0.000000E+00
  1059 5.549687E-10 4.129285E-04 3.389210E-02 0.000000E+00
  1060 3.464375E-10 4.034810E-04 3.616022E-02 0.000000E+00
  1061 3.441250E-10 4.020471E-04 3.677701E-02 0.000000E+00
  1062 3.462969E-10 4.096334E-04 3.591557E-02 0.000000E+00
  1063 3.317187E-10 4.057290E-04 3.922647E-02 0.000000E+00
  1064 3.500156E-10 4.102250E-04 3.863028E-02 0.000000E+00
  1065 5.510781E-10 4.089139E-04 3.084569E-02 0.000000E+00
  1066 2.974375E-10 4.082487E-04 4.442339E-02 0.000000E+00
  1067 3.310000E-10 4.097217E-04 3.842398E-02 0.000000E+00
  1068 4.068906E-10 4.099318E-04 3.516312E-02 0.000000E+00
  1069 3.674531E-10 4.072798E-04 3.992138E-02 0.000000E+00
  1070 2.822969E-10 4.063138E-04 4.056400E-02 0.000000E+00
  1071 6.246875E-10 4.036448E-04 3.272297E-02 0.000000E+00
  1072 3.399062E-10 3.990805E-04 3.772380E-02 0.000000E+00
  1073 3.467187E-10 4.086211E-04 3.943645E-02 0.000000E+00
  1074 3.714531E-10 4.058268E-04 4.151580E-02 0.000000E+00
  1075 5.767656E-10 4.012505E-04 3.269257E-02 0.000000E+00
  1076 3.042656E-10 4.078528E-04 4.524499E-02 0.000000E+00
  1077 3.603125E-10 4.020322E-04 3.703999E-02 0.000000E+00
  1078 3.586094E-10 4.118237E-04 3.796898E-02 0.000000E+00
  1079 5.315156E-10 4.119419E-04 3.518239E-02 0.000000E+00
  1080 2.905469E-10 4.050228E-04 4.064969E-02 0.000000E+00
  1081 3.601406E-10 3.967103E-04 3.954166E-02 0.000000E+00
  1082 3.345156E-10 4.064545E-04 3.914393E-02 0.000000E+00
  1083 4.347031E-10 4.046604E-04 3.404798E-02 0.000000E+00
  1084 3.818906E-10 4.025468E-04 3.407760E-02 0.000000E+00
  1085 4.883906E-10 4.055090E-04 3.898608E-02 0.000000E+00
  1086 4.005469E-10 3.989823E-04 3.350769E-02 0.000000E+00
  1087 3.596719E-10 4.024508E-04 3.776530E-02 0.000000E+00
  1088 2.853125E-10 4.023685E-04 4.291858E-02 0.000000E+00
  1089 4.186406E-10 4.052218E-04 3.614642E-02 0.000000E+00
  1090 3.203906E-10 4.014210E-04 3.895811E-02 0.000000E+00
  1091 3.347500E-10 3.960210E-04 3.991457E-02 0.000000E+00
  1092 5.066094E-10 3.999378E-04 3.672031E-02 0.000000E+00
  1093 3.804219E-10 4.035831E-04 3.561451E-02 0.000000E+00
  1094 5.335156E-10 4.049993E-04 3.818217E-02 0.000000E+00
  1095 1.731875E-10 3.965184E-04 3.450158E-02 0.000000E+00
  1096 3.829219E-10 4.034652E-04 3.867578E-02 0.000000E+00
  1097 3.155781E-10 3.939887E-04 3.762926E-02 0.000000E+00
  1098 4.060156E-10 3.994961E-04 3.542152E-02 0.000000E+00
  1099 3.464219E-10 4.021959E-04 3.679656E-02 0.000000E+00
  1100 4.345781E-10 4.028669E-04 3.604990E-02 0.000000E+00
  1101 3.155156E-10 3.961522E-04 3.830941E-02 0.000000E+00
  1102 3.754687E-10 3.944572E-04 3.827245E-02 0.000000E+00
  1103 4.042344E-10 3.917747E-04 3.485858E-02 0.000000E+00
  1104 3.469375E-10 3.978176E-04 3.930924E-02 0.000000E+00
  1105 3.545312E-10 3.966907E-04 3.830353E-02 0.000000E+00
  1106 2.706562E-10 4.127976E-04 4.239936E-02 0.000000E+00
  1107 2.872969E-10 4.015629E-04 4.476710E-02 0.000000E+00
  1108 3.654531E-10 3.952528E-04 3.517741E-02 0.000000E+00
  1109 2.965000E-10 4.041027E-04 4.097875E-02 0.000000E+00
  1110 4.164219E-10 3.935770E-04 3.878041E-02 0.000000E+00
  1111 4.635469E-10 4.008033E-04 3.602770E-02 0.000000E+00
  1112 2.693750E-10 3.976532E-04 4.348850E-02 0.000000E+00
  1113 3.018125E-10 3.994670E-04 4.343747E-02 0.000000E+00
  1114 4.250469E-10 4.016488E-04 3.501062E-02 0.000000E+00
  1115 4.117187E-10 3.919205E-04 3.771486E-02 0.000000E+00
  1116 2.689844E-10 3.996058E-04 4.272376E-02 0.000000E+00
  1117 4.046719E-10 3.964728E-04 3.740725E-02 0.000000E+00
  1118 3.431562E-10 3.916811E-04 3.833782E-02 0.000000E+00
  1119 4.715937E-10 3.991171E-04 4.217960E-02 0.000000E+00
  1120 4.286562E-10 3.953429E-04 3.377615E-02 0.000000E+00
  1121 3.797969E-10 4.042778E-04 3.774932E-02 0.000000E+00
  1122 4.225937E-10 4.013102E-04 3.589292E-02 0.000000E+00
  1123 3.837187E-10 3.935397E-04 3.616753E-02 0.000000E+00
  1124 3.353906E-10 3.957686E-04 3.800933E-02 0.000000E+00
  1125 3.119844E-10 3.992687E-04 3.794741E-02 0.000000E+00
  1126 3.541719E-10 3.980890E-04 3.466332E-02 0.000000E+00
  1127 3.498437E-10 3.997041E-04 3.817761E-02 0.000000E+00
  1128 3.799219E-10 3.900179E-04 3.381297E-02 0.000000E+00
  1129 3.547812E-10 4.021145E-04 3.692074E-02 0.000000E+00
  1130 3.684687E-10 3.940124E-04 3.699928E-02 0.000000E+00
  1131 3.815937E-10 3.971607E-04 3.776474E-02 0.000000E+00
  1132 3.833594E-10 3.912479E-04 3.575401E-02 0.000000E+00
  1133 3.746406E-10 4.046537E-04 3.506621E-02 0.000000E+00
  1134 3.815625E-10 3.963937E-04 3.745123E-02 0.000000E+00
  1135 5.818594E-10 4.293338E-04 3.612475E-02 0.000000E+00
  1136 3.544531E-10 4.002621E-04 3.924153E-02 0.000000E+00
  1137 2.983750E-10 3.991426E-04 3.534023E-02 0.000000E+00
  1138 2.816562E-10 3.993309E-04 4.455771E-02 0.000000E+00
  1139 3.415781E-10 3.988492E-04 3.845909E-02 0.000000E+00
  1140 3.516250E-10 3.980745E-04 3.577028E-02 0.000000E+00
  1141 3.197344E-10 4.017910E-04 3.854518E-02 0.000000E+00
  1142 3.698906E-10 3.974176E-04 3.684678E-02 0.000000E+00
  1143 3.606094E-10 3.950743E-04 4.247988E-02 0.000000E+00
  1144 3.454062E-10 3.961819E-04 3.739793E-02 0.000000E+00
  1145 3.274062E-10 3.900648E-04 3.933032E-02 0.000000E+00
  1146 1.775156E-10 3.958869E-04 4.139268E-02 0.000000E+00
  1147 1.819375E-10 3.884752E-04 3.828787E-02 0.000000E+00
  1148 3.569531E-10 3.961662E-04 3.588891E-02 0.000000E+00
  1149 3.512344E-10 3.939976E-04 3.954497E-02 0.000000E+00
  1150 3.175781E-10 3.868939E-04 3.721932E-02 0.000000E+00
  1151 3.348906E-10 3.919043E-04 4.069112E-02 0.000000E+00
  1152 3.804531E-10 3.923325E-04 3.532901E-02 0.000000E+00
  1153 2.009219E-10 3.914290E-04 3.997531E-02 0.000000E+00
  1154 2.949844E-10 3.943926E-04 3.871516E-02 0.000000E+00
  1155 3.031562E-10 3.851612E-04 3.820900E-02 0.000000E+00
  1156 3.364375E-10 3.873087E-04 3.630221E-02 0.000000E+00
  1157 3.527187E-10 3.906821E-04 3.488526E-02 0.000000E+00
  1158 5.544844E-10 3.860414E-04 3.650030E-02 0.000000E+00
  1159 4.037344E-10 3.948858E-04 3.424686E-02 0.000000E+00
  1160 3.677187E-10 3.883467E-04 3.411380E-02 0.000000E+00
  1161 3.843437E-10 3.872503E-04 3.548417E-02 0.000000E+00
  1162 3.551719E-10 3.893438E-04 3.666803E-02 0.000000E+00
  1163 2.665937E-10 3.895243E-04 3.866736E-02 0.000000E+00
  1164 4.012500E-10 3.926063E-04 3.708012E-02 0.000000E+00
  1165 3.189531E-10 3.932958E-04 3.792630E-02 0.000000E+00
  1166 3.590000E-10 3.880819E-04 3.551897E-02 0.000000E+00
  1167 3.729375E-10 3.840775E-04 3.582557E-02 0.000000E+00
  1168 3.570000E-10 3.902809E-04 3.453521E-02 0.000000E+00
  1169 3.094219E-10 3.875767E-04 4.010402E-02 0.000000E+00
  1170 3.232812E-10 3.845330E-04 3.754432E-02 0.000000E+00
  1171 3.102656E-10 3.826250E-04 3.950633E-02 0.000000E+00
  1172 2.092969E-10 3.901371E-04 3.074728E-02 0.000000E+00
  1173 3.452344E-10 3.840717E-04 3.528059E-02 0.000000E+00
  1174 2.844844E-10 3.886804E-04 4.279983E-02 0.000000E+00
  1175 3.667969E-10 3.879225E-04 3.651940E-02 0.000000E+00
  1176 2.873750E-10 3.822146E-04 3.929766E-02 0.000000E+00
  1177 3.791250E-10 3.851726E-04 3.540220E-02 0.000000E+00
  1178 6.864219E-10 3.908413E-04 3.593504E-02 0.000000E+00
  1179 3.180625E-10 3.825097E-04 3.855282E-02 0.000000E+00
  1180 3.478125E-10 3.814267E-04 3.750969E-02 0.000000E+00
  1181 1.940781E-10 3.893804E-04 3.678007E-02 0.000000E+00
  1182 5.974687E-10 3.841676E-04 3.669512E-02 0.000000E+00
  1183 5.313125E-10 3.869007E-04 3.272520E-02 0.000000E+00
  1184 2.802656E-10 3.803608E-04 3.999148E-02 0.000000E+00
  1185 3.823750E-10 3.893605E-04 3.573319E-02 0.000000E+00
  1186 3.470156E-10 3.887725E-04 3.880288E-02 0.000000E+00
  1187 2.699375E-10 3.840141E-04 4.444602E-02 0.000000E+00
  1188 7.179531E-10 3.908588E-04 3.383765E-02 0.000000E+00
  1189 3.718281E-10 3.811880E-04 3.646942E-02 0.000000E+00
  1190 3.503750E-10 3.877864E-04 4.028094E-02 0.000000E+00
  1191 3.007500E-10 3.822842E-04 3.870948E-02 0.000000E+00
  1192 3.670937E-10 3.819154E-04 3.548046E-02 0.000000E+00
  1193 4.444687E-10 3.869144E-04 3.399329E-02 0.000000E+00
  1194 3.700937E-10 3.807197E-04 3.272126E-02 0.000000E+00
  1195 3.475156E-10 3.889705E-04 3.798719E-02 0.000000E+00
  1196 3.170312E-10 3.847877E-04 3.899123E-02 0.000000E+00
  1197 3.409687E-10 3.785151E-04 3.528820E-02 0.000000E+00
  1198 2.989375E-10 3.790613E-04 3.820231E-02 0.000000E+00
  1199 3.344062E-10 3.778553E-04 3.659622E-02 0.000000E+00
  1200 3.644844E-10 3.917423E-04 3.363480E-02 0.000000E+00
  1201 3.217656E-10 3.774303E-04 3.953050E-02 0.000000E+00
  1202 2.995625E-10 3.798566E-04 4.194071E-02 0.000000E+00
  1203 3.826875E-10 3.874530E-04 4.008354E-02 0.000000E+00
  1204 3.882969E-10 3.898091E-04 3.555959E-02 0.000000E+00
  1205 1.731406E-10 3.800414E-04 2.769414E-02 0.000000E+00
  1206 3.169062E-10 3.743580E-04 3.656395E-02 0.000000E+00
  1207 2.734844E-10 3.856478E-04 3.680593E-02 0.000000E+00
  1208 3.553594E-10 3.822262E-04 3.350055E-02 0.000000E+00
  1209 3.115000E-10 3.800396E-04 3.930116E-02 0.000000E+00
  1210 2.999062E-10 3.800320E-04 3.940021E-02 0.000000E+00
  1211 3.444531E-10 3.820659E-04 3.578015E-02 0.000000E+00
  1212 3.355937E-10 3.782683E-04 3.545244E-02 0.000000E+00
  1213 3.241719E-10 3.825376E-04 3.786760E-02 0.000000E+00
  1214 3.313281E-10 3.828794E-04 3.704018E-02 0.000000E+00
  1215 3.047344E-10 3.753422E-04 3.710467E-02 0.000000E+00
  1216 3.109844E-10 3.790120E-04 3.777407E-02 0.000000E+00
  1217 2.479844E-10 3.737763E-04 3.858654E-02 0.000000E+00
  1218 3.406406E-10 3.732322E-04 3.628429E-02 0.000000E+00
  1219 3.083594E-10 3.813280E-04 4.001255E-02 0.000000E+00
  1220 3.682031E-10 3.812954E-04 3.571541E-02 0.000000E+00
  1221 3.063750E-10 3.778590E-04 3.742728E-02 0.000000E+00
  1222 1.229687E-10 3.748263E-04 3.516305E-02 0.000000E+00
  1223 3.291406E-10 3.777858E-04 3.546408E-02 0.000000E+00
  1224 3.475156E-10 3.757812E-04 3.598966E-02 0.000000E+00
  1225 3.271250E-10 3.807678E-04 3.862527E-02 0.000000E+00
  1226 3.226250E-10 3.762912E-04 3.662001E-02 0.000000E+00
  1227 3.620937E-10 3.750432E-04 3.335825E-02 0.000000E+00
  1228 3.797969E-10 3.782676E-04 3.402230E-02 0.000000E+00
  1229 3.246250E-10 3.794308E-04 3.835905E-02 0.000000E+00
  1230 3.295312E-10 3.726292E-04 3.652777E-02 0.000000E+00
  1231 4.456250E-10 3.774670E-04 3.234351E-02 0.000000E+00
  1232 3.405000E-10 3.774014E-04 3.569598E-02 0.000000E+00
  1233 4.170469E-10 3.794866E-04 3.576346E-02 0.000000E+00
  1234 2.998281E-10 3.763682E-04 3.677025E-02 0.000000E+00
  1235 3.038906E-10 3.749656E-04 3.639851E-02 0.000000E+00
  1236 3.366719E-10 3.795057E-04 3.804197E-02 0.000000E+00
  1237 2.823906E-10 3.766177E-04 3.946477E-02 0.000000E+00
  1238 6.275937E-10 3.760902E-04 3.460422E-02 0.000000E+00
  1239 3.627500E-10 3.777448E-04 3.489125E-02 0.000000E+00
  1240 4.242031E-10 3.772262E-04 3.929381E-02 0.000000E+00
  1241 3.018437E-10 3.740645E-04 3.950297E-02 0.000000E+00
  1242 3.452812E-10 3.745399E-04 3.328762E-02 0.000000E+00
  1243 2.862031E-10 3.706477E-04 3.636787E-02 0.000000E+00
  1244 3.011562E-10 3.715744E-04 3.595730E-02 0.000000E+00
  1245 3.430781E-10 3.805439E-04 3.704095E-02 0.000000E+00
  1246 3.084687E-10 3.737949E-04 3.708019E-02 0.000000E+00
  1247 3.337187E-10 3.733230E-04 3.565861E-02 0.000000E+00
  1248 3.242812E-10 3.751707E-04 3.678622E-02 0.000000E+00
  1249 3.074062E-10 3.693288E-04 3.804045E-02 0.000000E+00
  1250 4.483125E-10 3.683721E-04 3.537080E-02 0.000000E+00
  1251 2.588750E-10 3.725042E-04 4.800596E-02 0.000000E+00
  1252 2.890937E-10 3.743530E-04 4.162038E-02 0.000000E+00
  1253 2.843281E-10 3.685574E-04 3.856985E-02 0.000000E+00
  1254 3.566094E-10 3.699763E-04 3.482699E-02 0.000000E+00
  1255 3.207812E-10 3.713595E-04 3.772472E-02 0.000000E+00
  1256 4.446250E-10 3.692850E-04 3.377762E-02 0.000000E+00
  1257 3.161250E-10 3.744434E-04 3.605879E-02 0.000000E+00
  1258 2.935469E-10 3.738944E-04 4.050833E-02 0.000000E+00
  1259 3.615937E-10 3.718966E-04 3.363174E-02 0.000000E+00
  1260 2.551562E-10 3.659612E-04 3.882630E-02 0.000000E+00
  1261 3.376719E-10 3.688424E-04 3.799124E-02 0.000000E+00
  1262 3.279687E-10 3.709306E-04 3.548768E-02 0.000000E+00
  1263 3.130000E-10 3.657223E-04 3.594485E-02 0.000000E+00
  1264 3.345156E-10 3.684380E-04 3.656063E-02 0.000000E+00
  1265 3.502812E-10 3.740237E-04 3.545460E-02 0.000000E+00
  1266 4.246719E-10 3.742104E-04 3.881366E-02 0.000000E+00
  1267 5.790312E-10 3.691510E-04 2.975496E-02 0.000000E+00
  1268 3.560469E-10 3.703518E-04 3.591242E-02 0.000000E+00
  1269 3.046719E-10 3.695094E-04 3.648039E-02 0.000000E+00
  1270 1.436250E-10 3.715723E-04 3.241715E-02 0.000000E+00
  1271 1.937187E-10 3.743721E-04 3.376468E-02 0.000000E+00
  1272 3.073437E-10 3.690357E-04 3.886057E-02 0.000000E+00
  1273 3.985625E-10 3.718325E-04 3.237397E-02 0.000000E+00
  1274 3.311406E-10 3.662974E-04 3.538290E-02 0.000000E+00
  1275 3.325469E-10 3.713217E-04 3.589155E-02 0.000000E+00
  1276 3.004375E-10 3.765354E-04 3.826733E-02 0.000000E+00
  1277 2.936562E-10 3.731035E-04 3.910339E-02 0.000000E+00
  1278 3.608437E-10 3.679655E-04 3.167655E-02 0.000000E+00
  1279 2.799062E-10 3.717039E-04 3.838581E-02 0.000000E+00
  1280 3.719531E-10 3.764344E-04 3.572755E-02 0.000000E+00
  1281 2.894531E-10 3.716646E-04 3.599646E-02 0.000000E+00
  1282 3.164531E-10 3.659253E-04 4.062388E-02 0.000000E+00
  1283 3.623750E-10 3.641738E-04 3.295497E-02 0.000000E+00
  1284 3.489687E-10 3.717430E-04 3.389990E-02 0.000000E+00
  1285 2.736250E-10 3.710971E-04 3.754256E-02 0.000000E+00
  1286 3.037812E-10 3.735579E-04 3.619010E-02 0.000000E+00
  1287 4.645781E-10 3.670395E-04 3.468969E-02 0.000000E+00
  1288 3.186875E-10 3.686467E-04 3.488855E-02 0.000000E+00
  1289 2.971562E-10 3.627526E-04 3.620733E-02 0.000000E+00
  1290 3.416406E-10 3.666435E-04 3.554605E-02 0.000000E+00
  1291 3.616562E-10 3.699467E-04 3.394889E-02 0.000000E+00
  1292 3.297812E-10 3.634744E-04 3.493040E-02 0.000000E+00
  1293 3.372344E-10 3.672291E-04 3.447903E-02 0.000000E+00
  1294 3.443750E-10 3.615752E-04 3.338106E-02 0.000000E+00
  1295 2.739062E-10 3.620791E-04 3.684770E-02 0.000000E+00
  1296 3.128750E-10 3.697115E-04 3.519418E-02 0.000000E+00
  1297 2.950312E-10 3.639243E-04 3.556359E-02 0.000000E+00
  1298 3.492500E-10 3.669357E-04 3.495985E-02 0.000000E+00
  1299 3.302187E-10 3.581995E-04 3.495798E-02 0.000000E+00
  1300 3.290156E-10 3.639630E-04 3.386364E-02 0.000000E+00
  1301 2.755625E-10 3.663875E-04 3.641565E-02 0.000000E+00
  1302 3.105312E-10 3.654619E-04 3.626887E-02 0.000000E+00
  1303 3.590937E-10 3.579346E-04 3.383496E-02 0.000000E+00
  1304 2.862656E-10 3.646609E-04 3.756024E-02 0.000000E+00
  1305 3.508594E-10 3.646599E-04 3.407502E-02 0.000000E+00
  1306 3.338125E-10 3.647201E-04 3.462079E-02 0.000000E+00
  1307 3.111719E-10 3.580301E-04 3.367473E-02 0.000000E+00
  1308 3.096875E-10 3.601429E-04 3.575010E-02 0.000000E+00
  1309 3.242500E-10 3.631860E-04 3.668387E-02 0.000000E+00
  1310 5.215312E-10 3.643089E-04 3.088002E-02 0.000000E+00
  1311 2.656719E-10 3.645667E-04 3.675025E-02 0.000000E+00
  1312 3.199531E-10 3.574428E-04 3.496664E-02 0.000000E+00
  1313 3.202812E-10 3.634344E-04 3.581514E-02 0.000000E+00
  1314 2.929531E-10 3.565032E-04 4.047103E-02 0.000000E+00
  1315 4.002031E-10 3.590899E-04 3.617437E-02 0.000000E+00
  1316 3.361719E-10 3.558870E-04 3.398587E-02 0.000000E+00
  1317 3.113437E-10 3.539964E-04 3.515670E-02 0.000000E+00
  1318 3.752344E-10 3.641150E-04 3.724784E-02 0.000000E+00
  1319 3.278125E-10 3.654104E-04 3.422109E-02 0.000000E+00
  1320 3.302187E-10 3.615204E-04 3.455448E-02 0.000000E+00
  1321 3.521094E-10 3.614609E-04 3.413418E-02 0.000000E+00
  1322 3.444375E-10 3.615609E-04 3.583942E-02 0.000000E+00
  1323 3.091094E-10 3.571594E-04 4.086645E-02 0.000000E+00
  1324 2.980781E-10 3.615014E-04 3.588856E-02 0.000000E+00
  1325 3.513906E-10 3.591423E-04 3.627412E-02 0.000000E+00
  1326 2.968750E-10 3.657287E-04 3.824001E-02 0.000000E+00
  1327 1.666875E-10 3.599915E-04 3.572897E-02 0.000000E+00
  1328 2.711875E-10 3.564440E-04 3.822842E-02 0.000000E+00
  1329 2.863437E-10 3.576947E-04 3.474346E-02 0.000000E+00
  1330 4.063750E-10 3.569669E-04 3.926549E-02 0.000000E+00
  1331 3.385781E-10 3.609977E-04 3.962429E-02 0.000000E+00
  1332 3.366250E-10 3.522026E-04 3.310902E-02 0.000000E+00
  1333 3.292500E-10 3.513656E-04 3.428598E-02 0.000000E+00
  1334 2.995937E-10 3.577745E-04 4.005387E-02 0.000000E+00
  1335 3.199062E-10 3.595242E-04 3.723736E-02 0.000000E+00
  1336 3.119375E-10 3.586981E-04 3.573217E-02 0.000000E+00
  1337 3.528906E-10 3.545011E-04 3.908795E-02 0.000000E+00
  1338 2.871094E-10 3.555835E-04 3.827007E-02 0.000000E+00
  1339 3.037500E-10 3.650512E-04 3.927765E-02 0.000000E+00
  1340 2.105937E-10 3.533840E-04 2.856965E-02 0.000000E+00
  1341 4.657500E-10 3.586752E-04 3.685563E-02 0.000000E+00
  1342 3.628594E-10 3.591632E-04 3.904369E-02 0.000000E+00
  1343 3.486719E-10 3.576092E-04 3.340886E-02 0.000000E+00
  1344 3.342812E-10 3.589461E-04 3.457040E-02 0.000000E+00
  1345 3.081562E-10 3.584432E-04 3.571716E-02 0.000000E+00
  1346 3.369062E-10 3.524925E-04 3.326966E-02 0.000000E+00
  1347 2.557031E-10 3.473984E-04 3.330184E-02 0.000000E+00
  1348 2.868750E-10 3.525512E-04 3.706203E-02 0.000000E+00
  1349 3.275000E-10 3.546433E-04 3.539196E-02 0.000000E+00
  1350 3.253437E-10 3.578891E-04 3.567010E-02 0.000000E+00
  1351 2.749375E-10 3.499331E-04 3.382127E-02 0.000000E+00
  1352 2.842969E-10 3.486629E-04 3.563165E-02 0.000000E+00
  1353 2.855156E-10 3.481322E-04 3.574665E-02 0.000000E+00
  1354 3.315469E-10 3.510071E-04 3.341691E-02 0.000000E+00
  1355 1.541094E-10 3.497114E-04 2.970375E-02 0.000000E+00
  1356 2.953437E-10 3.513752E-04 3.624717E-02 0.000000E+00
  1357 2.807500E-10 3.481500E-04 4.208287E-02 0.000000E+00
  1358 2.480312E-10 3.534186E-04 3.693862E-02 0.000000E+00
  1359 3.367187E-10 3.550948E-04 3.528520E-02 0.000000E+00
  1360 3.607344E-10 3.572182E-04 3.159838E-02 0.000000E+00
  1361 3.327812E-10 3.524999E-04 3.521957E-02 0.000000E+00
  1362 2.679219E-10 3.543706E-04 4.274163E-02 0.000000E+00
  1363 4.707656E-10 3.542331E-04 3.620938E-02 0.000000E+00
  1364 3.452344E-10 3.514889E-04 3.333407E-02 0.000000E+00
  1365 3.470625E-10 3.513725E-04 3.382288E-02 0.000000E+00
  1366 2.592656E-10 3.468428E-04 3.780817E-02 0.000000E+00
  1367 2.564687E-10 3.457795E-04 3.671975E-02 0.000000E+00
  1368 2.802656E-10 3.502059E-04 3.678546E-02 0.000000E+00
  1369 3.014687E-10 3.455214E-04 3.728794E-02 0.000000E+00
  1370 3.045156E-10 3.517701E-04 3.717700E-02 0.000000E+00
  1371 4.762187E-10 3.528815E-04 3.218808E-02 0.000000E+00
  1372 3.065625E-10 3.477657E-04 3.324613E-02 0.000000E+00
  1373 2.874375E-10 3.480384E-04 3.600748E-02 0.000000E+00
  1374 3.172812E-10 3.483970E-04 3.805154E-02 0.000000E+00
  1375 1.814687E-10 3.417526E-04 4.161446E-02 0.000000E+00
  1376 2.710000E-10 3.482567E-04 3.588886E-02 0.000000E+00
  1377 2.622656E-10 3.444247E-04 3.643545E-02 0.000000E+00
  1378 2.887187E-10 3.497049E-04 3.439330E-02 0.000000E+00
  1379 2.929844E-10 3.468596E-04 3.611529E-02 0.000000E+00
  1380 3.305781E-10 3.498936E-04 3.543804E-02 0.000000E+00
  1381 2.908125E-10 3.507499E-04 3.740236E-02 0.000000E+00
  1382 3.375000E-10 3.481718E-04 3.486077E-02 0.000000E+00
  1383 3.380781E-10 3.496755E-04 3.472102E-02 0.000000E+00
  1384 3.344844E-10 3.454014E-04 4.059247E-02 0.000000E+00
  1385 3.305000E-10 3.537373E-04 3.564271E-02 0.000000E+00
  1386 3.126875E-10 3.495687E-04 3.610895E-02 0.000000E+00
  1387 3.896406E-10 3.506497E-04 3.403244E-02 0.000000E+00
  1388 3.153594E-10 3.399962E-04 3.354032E-02 0.000000E+00
  1389 2.889062E-10 3.488108E-04 3.524602E-02 0.000000E+00
  1390 2.970156E-10 3.487481E-04 3.641631E-02 0.000000E+00
  1391 2.899844E-10 3.430054E-04 3.521997E-02 0.000000E+00
  1392 3.147656E-10 3.431727E-04 3.372156E-02 0.000000E+00
  1393 2.915937E-10 3.395008E-04 3.617775E-02 0.000000E+00
  1394 2.968437E-10 3.484371E-04 4.029096E-02 0.000000E+00
  1395 3.528437E-10 3.393767E-04 4.093787E-02 0.000000E+00
  1396 3.143437E-10 3.464514E-04 3.727306E-02 0.000000E+00
  1397 2.651250E-10 3.430912E-04 3.611479E-02 0.000000E+00
  1398 3.253281E-10 3.469761E-04 3.515469E-02 0.000000E+00
  1399 2.604219E-10 3.456830E-04 3.666610E-02 0.000000E+00
  1400 2.937812E-10 3.417660E-04 3.466437E-02 0.000000E+00
  1401 3.112656E-10 3.428206E-04 4.151256E-02 0.000000E+00
  1402 2.959219E-10 3.400215E-04 3.561086E-02 0.000000E+00
  1403 2.827500E-10 3.433144E-04 3.704135E-02 0.000000E+00
  1404 3.141719E-10 3.418921E-04 3.641428E-02 0.000000E+00
  1405 2.999375E-10 3.434596E-04 3.445045E-02 0.000000E+00
  1406 2.638437E-10 3.403521E-04 3.743243E-02 0.000000E+00
  1407 3.165625E-10 3.392653E-04 3.457042E-02 0.000000E+00
  1408 3.449219E-10 3.399639E-04 3.498844E-02 0.000000E+00
  1409 2.142187E-10 3.377696E-04 3.794005E-02 0.000000E+00
  1410 2.889375E-10 3.383067E-04 3.713931E-02 0.000000E+00
  1411 3.123281E-10 3.402710E-04 3.751524E-02 0.000000E+00
  1412 3.492656E-10 3.423140E-04 3.548431E-02 0.000000E+00
  1413 2.926562E-10 3.348661E-04 3.487551E-02 0.000000E+00
  1414 2.538594E-10 3.388519E-04 3.620785E-02 0.000000E+00
  1415 2.762031E-10 3.398444E-04 3.489044E-02 0.000000E+00
  1416 9.864062E-11 3.356847E-04 4.478307E-02 0.000000E+00
  1417 3.648594E-10 3.411034E-04 3.633487E-02 0.000000E+00
  1418 2.395625E-10 3.361095E-04 3.677223E-02 0.000000E+00
  1419 2.695781E-10 3.374653E-04 3.918003E-02 0.000000E+00
  1420 2.974062E-10 3.353785E-04 3.603953E-02 0.000000E+00
  1421 2.912812E-10 3.398824E-04 3.583274E-02 0.000000E+00
  1422 2.669687E-10 3.403258E-04 3.896804E-02 0.000000E+00
  1423 2.730000E-10 3.337252E-04 3.727886E-02 0.000000E+00
  1424 3.213437E-10 3.391432E-04 3.383164E-02 0.000000E+00
  1425 2.833594E-10 3.400526E-04 3.551261E-02 0.000000E+00
  1426 2.808750E-10 3.404591E-04 3.797923E-02 0.000000E+00
  1427 2.416094E-10 3.418275E-04 3.730601E-02 0.000000E+00
  1428 3.661094E-10 3.390039E-04 3.239464E-02 0.000000E+00
  1429 2.411719E-10 3.401011E-04 3.437972E-02 0.000000E+00
  1430 2.786875E-10 3.347851E-04 3.620771E-02 0.000000E+00
  1431 3.146094E-10 3.373452E-04 3.592277E-02 0.000000E+00
  1432 2.932031E-10 3.349296E-04 3.430747E-02 0.000000E+00
  1433 2.471406E-10 3.401600E-04 3.426930E-02 0.000000E+00
  1434 2.144375E-10 3.413748E-04 3.885460E-02 0.000000E+00
  1435 3.195312E-10 3.346020E-04 3.568202E-02 0.000000E+00
  1436 2.004531E-10 3.306748E-04 4.222125E-02 0.000000E+00
  1437 3.118906E-10 3.358384E-04 3.537597E-02 0.000000E+00
  1438 3.062187E-10 3.330957E-04 3.607529E-02 0.000000E+00
  1439 2.742812E-10 3.305578E-04 3.656482E-02 0.000000E+00
  1440 3.026719E-10 3.324616E-04 3.640593E-02 0.000000E+00
  1441 3.370000E-10 3.425639E-04 3.377240E-02 0.000000E+00
  1442 2.677031E-10 3.279394E-04 3.719644E-02 0.000000E+00
  1443 3.046094E-10 3.316456E-04 3.663479E-02 0.000000E+00
  1444 2.748906E-10 3.284145E-04 3.582357E-02 0.000000E+00
  1445 3.152500E-10 3.363969E-04 3.376535E-02 0.000000E+00
  1446 2.982969E-10 3.343851E-04 3.536669E-02 0.000000E+00
  1447 3.142031E-10 3.398064E-04 3.458005E-02 0.000000E+00
  1448 2.742656E-10 3.313881E-04 3.735210E-02 0.000000E+00
  1449 2.967187E-10 3.339790E-04 3.889649E-02 0.000000E+00
  1450 2.946875E-10 3.391734E-04 3.659560E-02 0.000000E+00
  1451 2.927187E-10 3.346706E-04 3.493916E-02 0.000000E+00
  1452 2.684375E-10 3.316579E-04 3.574240E-02 0.000000E+00
  1453 3.089062E-10 3.279821E-04 3.413119E-02 0.000000E+00
  1454 2.837969E-10 3.280681E-04 3.561656E-02 0.000000E+00
  1455 1.232656E-10 3.267118E-04 3.747663E-02 0.000000E+00
  1456 2.421719E-10 3.346265E-04 3.654412E-02 0.000000E+00
  1457 3.177812E-10 3.330242E-04 3.422155E-02 0.000000E+00
  1458 2.784531E-10 3.253310E-04 3.570236E-02 0.000000E+00
  1459 2.437187E-10 3.310777E-04 3.729894E-02 0.000000E+00
  1460 2.636094E-10 3.270703E-04 3.823329E-02 0.000000E+00
  1461 2.537656E-10 3.238037E-04 3.605754E-02 0.000000E+00
  1462 1.819375E-10 3.354390E-04 3.517813E-02 0.000000E+00
  1463 3.799844E-10 3.301991E-04 3.784808E-02 0.000000E+00
  1464 3.771875E-10 3.257644E-04 3.735730E-02 0.000000E+00
  1465 2.570469E-10 3.291884E-04 3.801282E-02 0.000000E+00
  1466 2.614219E-10 3.309386E-04 3.687499E-02 0.000000E+00
  1467 2.572031E-10 3.273428E-04 3.710087E-02 0.000000E+00
  1468 2.635469E-10 3.306339E-04 3.666166E-02 0.000000E+00
  1469 2.928594E-10 3.250357E-04 3.582059E-02 0.000000E+00
  1470 2.747031E-10 3.256741E-04 3.508060E-02 0.000000E+00
  1471 1.630625E-10 3.258287E-04 4.082867E-02 0.000000E+00
  1472 2.785156E-10 3.310847E-04 3.648494E-02 0.000000E+00
  1473 1.277187E-10 3.212745E-04 3.015510E-02 0.000000E+00
  1474 2.744375E-10 3.288975E-04 3.526678E-02 0.000000E+00
  1475 3.887187E-10 3.309712E-04 3.611855E-02 0.000000E+00
  1476 2.610469E-10 3.272676E-04 4.041131E-02 0.000000E+00
  1477 2.632187E-10 3.235263E-04 3.681615E-02 0.000000E+00
  1478 3.146719E-10 3.253350E-04 3.512346E-02 0.000000E+00
  1479 2.863750E-10 3.262186E-04 3.398138E-02 0.000000E+00
  1480 2.998594E-10 3.330584E-04 3.766743E-02 0.000000E+00
  1481 2.788906E-10 3.249613E-04 3.520138E-02 0.000000E+00
  1482 3.213906E-10 3.329732E-04 3.458138E-02 0.000000E+00
  1483 3.503750E-10 3.254170E-04 3.855090E-02 0.000000E+00
  1484 2.370000E-10 3.226957E-04 3.794839E-02 0.000000E+00
  1485 2.795156E-10 3.280755E-04 3.618801E-02 0.000000E+00
  1486 3.067031E-10 3.264057E-04 3.257129E-02 0.000000E+00
  1487 3.036406E-10 3.286218E-04 3.422411E-02 0.000000E+00
  1488 1.773750E-10 3.196402E-04 3.676264E-02 0.000000E+00
  1489 2.386250E-10 3.226286E-04 3.909839E-02 0.000000E+00
  1490 2.724062E-10 3.222752E-04 3.553581E-02 0.000000E+00
  1491 2.972812E-10 3.243243E-04 3.578736E-02 0.000000E+00
  1492 4.005156E-10 3.212649E-04 3.142962E-02 0.000000E+00
  1493 2.889844E-10 3.275368E-04 3.775265E-02 0.000000E+00
  1494 2.774531E-10 3.245764E-04 3.479502E-02 0.000000E+00
  1495 1.515312E-10 3.264983E-04 3.407433E-02 0.000000E+00
  1496 2.646875E-10 3.227413E-04 3.567158E-02 0.000000E+00
  1497 2.862344E-10 3.237966E-04 3.641755E-02 0.000000E+00
  1498 2.968437E-10 3.249018E-04 3.602871E-02 0.000000E+00
  1499 2.636250E-10 3.276034E-04 3.865033E-02 0.000000E+00
  1500 2.840312E-10 3.198477E-04 4.109988E-02 0.000000E+00
  1501 1.280156E-10 3.212886E-04 2.673306E-02 0.000000E+00
  1502 2.766562E-10 3.255829E-04 3.676216E-02 0.000000E+00
  1503 4.423594E-10 3.257022E-04 3.987277E-02 0.000000E+00
  1504 2.967500E-10 3.191946E-04 3.986887E-02 0.000000E+00
  1505 2.538125E-10 3.254637E-04 3.754001E-02 0.000000E+00
  1506 2.740156E-10 3.209363E-04 3.538111E-02 0.000000E+00
  1507 9.079687E-11 3.197078E-04 4.785616E-02 0.000000E+00
  1508 2.536094E-10 3.182595E-04 3.857554E-02 0.000000E+00
  1509 2.631875E-10 3.215711E-04 3.764250E-02 0.000000E+00
  1510 2.721094E-10 3.215146E-04 3.733761E-02 0.000000E+00
  1511 2.716719E-10 3.212027E-04 3.946181E-02 0.000000E+00
  1512 2.527344E-10 3.158582E-04 3.810088E-02 0.000000E+00
  1513 2.126562E-10 3.143049E-04 4.317937E-02 0.000000E+00
  1514 2.493125E-10 3.193280E-04 3.841186E-02 0.000000E+00
  1515 2.717656E-10 3.112454E-04 3.828452E-02 0.000000E+00
  1516 1.248906E-10 3.088768E-04 3.523054E-02 0.000000E+00
  1517 2.431719E-10 3.096254E-04 3.917348E-02 0.000000E+00
  1518 2.376406E-10 3.092564E-04 3.812510E-02 0.000000E+00
  1519 2.588906E-10 3.116990E-04 3.775927E-02 0.000000E+00
  1520 2.385937E-10 3.061193E-04 4.161972E-02 0.000000E+00
  1521 3.116406E-10 3.105727E-04 3.241058E-02 0.000000E+00
  1522 2.031562E-10 3.058858E-04 4.122244E-02 0.000000E+00
  1523 2.167031E-10 3.106368E-04 3.649373E-02 0.000000E+00
  1524 1.148750E-10 3.052770E-04 3.487604E-02 0.000000E+00
  1525 2.024219E-10 3.099560E-04 3.818688E-02 0.000000E+00
  1526 6.153125E-11 3.031383E-04 4.038769E-02 0.000000E+00
  1527 2.262656E-10 3.007614E-04 3.672736E-02 0.000000E+00
  1528 1.201094E-10 2.953285E-04 2.930309E-02 0.000000E+00
  1529 2.022344E-10 2.902343E-04 3.561615E-02 0.000000E+00
  1530 2.098750E-10 2.921919E-04 4.031963E-02 0.000000E+00
  1531 2.200312E-10 2.957088E-04 3.959526E-02 0.000000E+00
  1532 2.418125E-10 2.967129E-04 3.811736E-02 0.000000E+00
  1533 1.780000E-10 2.995173E-04 3.695486E-02 0.000000E+00
  1534 2.049844E-10 2.885769E-04 4.144321E-02 0.000000E+00
  1535 1.866250E-10 2.919783E-04 3.771231E-02 0.000000E+00
  1536 2.048906E-10 2.846500E-04 4.031016E-02 0.000000E+00
  1537 2.323281E-10 2.872465E-04 3.885037E-02 0.000000E+00
  1538 1.129844E-10 2.887619E-04 4.967893E-02 0.000000E+00
  1539 1.132656E-10 2.853305E-04 2.527495E-02 0.000000E+00
  1540 2.406562E-10 2.873389E-04 3.868434E-02 0.000000E+00
  1541 2.523906E-10 3.090832E-04 3.772787E-02 0.000000E+00
  1542 2.121719E-10 2.864127E-04 4.221290E-02 0.000000E+00
  1543 8.718750E-11 2.878754E-04 3.133533E-02 0.000000E+00
  1544 1.281094E-10 2.869250E-04 4.289105E-02 0.000000E+00
  1545 2.066406E-10 2.873346E-04 4.204412E-02 0.000000E+00
  1546 1.449062E-10 2.848859E-04 4.172897E-02 0.000000E+00
  1547 2.121719E-10 2.790814E-04 3.889062E-02 0.000000E+00
  1548 2.077969E-10 2.765050E-04 3.781268E-02 0.000000E+00
  1549 5.996875E-11 2.749450E-04 3.920838E-02 0.000000E+00
  1550 4.467187E-11 2.758651E-04 3.898532E-02 0.000000E+00
  1551 2.065469E-10 2.824600E-04 3.742098E-02 0.000000E+00
  1552 2.057500E-10 2.722547E-04 3.309936E-02 0.000000E+00
  1553 1.849687E-10 2.765529E-04 3.616146E-02 0.000000E+00
  1554 1.990469E-10 2.752769E-04 3.694989E-02 0.000000E+00
  1555 1.437031E-10 2.828829E-04 3.861442E-02 0.000000E+00
  1556 2.064687E-10 2.793630E-04 3.774824E-02 0.000000E+00
  1557 1.808750E-10 2.712611E-04 3.986224E-02 0.000000E+00
  1558 1.417656E-10 2.748096E-04 4.015664E-02 0.000000E+00
  1559 1.853437E-10 2.726513E-04 3.302459E-02 0.000000E+00
  1560 2.057656E-10 2.794051E-04 3.568904E-02 0.000000E+00
  1561 6.331250E-11 2.610936E-04 3.309373E-02 0.000000E+00
  1562 1.715625E-10 2.682587E-04 3.499079E-02 0.000000E+00
  1563 1.592656E-10 2.673627E-04 3.909048E-02 0.000000E+00
  1564 1.805625E-10 2.650020E-04 3.999691E-02 0.000000E+00
  1565 1.305469E-10 2.580022E-04 3.751181E-02 0.000000E+00
  1566 4.787500E-11 2.546554E-04 3.923908E-02 0.000000E+00
  1567 1.255312E-10 2.534464E-04 4.672433E-02 0.000000E+00
  1568 1.060937E-10 2.557563E-04 4.068978E-02 0.000000E+00
  1569 1.572344E-10 2.506928E-04 3.399290E-02 0.000000E+00
  1570 1.449062E-10 2.553997E-04 3.803516E-02 0.000000E+00
  1571 1.113125E-10 2.522596E-04 3.476497E-02 0.000000E+00
  1572 1.350937E-10 2.469006E-04 3.872935E-02 0.000000E+00
  1573 1.482031E-10 2.468904E-04 3.629957E-02 0.000000E+00
  1574 1.419687E-10 2.537454E-04 3.866981E-02 0.000000E+00
  1575 1.352656E-10 2.398330E-04 3.498471E-02 0.000000E+00
  1576 1.546875E-11 3.052408E-04 5.583867E-02 0.000000E+00
  1577 1.121875E-10 2.366197E-04 3.297492E-02 0.000000E+00
  1578 4.667187E-11 2.312479E-04 3.143233E-02 0.000000E+00
  1579 7.843750E-11 2.134258E-04 3.665942E-02 0.000000E+00
  1580 2.153125E-11 1.132437E-04 3.718483E-02 0.000000E+00
  1581 5.062500E-12 1.043834E-04 2.655751E-02 0.000000E+00
  1582 1.175000E-11 1.427791E-04 2.208640E-02 0.000000E+00
  1583 1.834375E-11 1.555759E-04 2.209664E-02 0.000000E+00
  1584 4.375000E-12 1.327500E-04 4.024879E-02 0.000000E+00
  1585 1.796875E-12 1.403726E-04 5.387149E-02 0.000000E+00
  1586 1.843750E-12 9.557226E-05 3.805054E-02 0.000000E+00
  1587 1.515625E-12 1.181053E-04 3.713846E-02 0.000000E+00
  1588 6.640625E-12 8.395928E-05 4.137852E-02 0.000000E+00
  1589 8.390625E-12 8.366765E-05 4.550877E-02 0.000000E+00
  1590 9.375000E-14 1.046317E-04 7.900000E-02 0.000000E+00
  1591 4.218750E-13 1.046317E-04 5.072240E-02 0.000000E+00
  1592 8.750000E-13 9.564121E-05 4.916507E-02 0.000000E+00
  1593 1.468750E-12 1.129211E-04 4.659238E-02 0.000000E+00
  1594 1.734375E-12 6.183308E-05 3.582563E-02 0.000000E+00
  1595 1.750000E-12 6.183271E-05 2.553620E-02 0.000000E+00
  1596 5.296875E-12 8.242041E-05 1.529686E-02 0.000000E+00
  1597 1.296875E-12 5.147548E-05 2.931947E-02 0.000000E+00
  1598 3.437500E-13 8.181199E-05 6.292551E-02 0.000000E+00
  1599 1.093750E-13 7.795790E-05 5.981110E-02 0.000000E+00
  1600 1.406250E-12 8.193996E-05 3.305216E-02 0.000000E+00
  1601 1.718750E-12 8.194023E-05 3.292681E-02 0.000000E+00
  1602 3.906250E-13 1.278096E-04 6.755111E-02 0.000000E+00
